955.3539
62.1750 20.2856
56.2948 27.7877
52.3661 29.4129
51.8505 31.2783
51.2653 33.3951
49.9294 35.1276
48.3666 37.1542
48.2386 39.2329
51.4771 41.5590
52.6730 42.4180
54.0457 43.1920
56.8156 41.0239
59.9885 38.5403
60.7736 38.6218
68.7055 41.0514
63.5216 47.7339
58.6789 53.9755
57.3325 56.5550
56.2550 58.6192
53.7794 63.5667
52.4777 64.8163
49.9269 60.7583
49.6311 56.1558
49.3995 49.4338
43.1269 45.0981
42.0330 46.4629
39.6559 49.4288
38.9359 50.3271
38.6869 51.4525
38.1077 54.0707
31.5475 54.5206
25.7343 56.6760
24.3988 58.8568
24.9975 60.5849
21.5995 60.2929
13.3855 55.1812
15.1680 54.5431
18.3985 52.1404
18.2283 49.1526
17.9603 44.4470
22.9749 47.9041
26.0666 47.6344
25.7427 44.0302
27.7052 39.0305
27.8676 34.1111
29.6341 34.9545
31.4730 35.9723
35.9968 40.4580
38.3120 38.8490
40.6727 34.7047
39.5342 32.0004
37.3173 29.8002
34.1531 26.3956
30.2718 26.6526
27.3223 26.8479
24.9702 26.9875
24.4581 22.4471
23.8253 19.8767
24.8872 19.0552
28.1966 19.0354
30.9272 19.0190
35.7488 18.4540
38.5578 18.1248
43.8806 17.4689
41.9918 6.3196
34.3657 8.2531
29.1234 8.4186
18.5030 8.7538
9.6986 9.0318
6.9576 13.6853
3.9471 18.7564
5.4985 23.4643
6.4319 26.2968
16.4971 28.4320
13.8960 33.2272
9.1417 41.9929
7.0075 42.5783
4.1907 43.3510
3.6281 45.7749
9.5563 48.4788
10.4917 49.1730
9.5027 50.5718
7.0062 52.9165
3.5718 56.1419
4.1672 61.0052
5.0155 67.9340
1.8925 69.1867
2.2127 71.0154
5.6603 75.5429
7.9013 76.7180
8.5601 77.9200
1.5194 80.8977
2.4346 82.8635
3.7500 85.8211
4.1595 87.0331
5.9938 88.4875
5.6676 89.3880
4.0989 91.7492
3.6156 92.4765
2.8537 94.9313
1.8768 98.0786
6.9671 98.6880
8.5329 93.7913
8.7691 92.0099
9.6954 89.7544
10.5432 87.6897
16.6578 87.1238
17.9518 87.9799
19.9636 89.3030
20.6444 90.6668
16.9595 92.0605
17.5569 93.5669
16.1381 94.9463
18.0058 97.5066
18.5071 97.7679
19.3536 98.1238
25.3044 99.1571
25.3190 98.0537
25.3825 93.2873
28.4255 92.3359
29.1467 86.8668
32.2577 81.1747
29.6905 81.0802
28.5968 80.9251
23.6915 80.2295
21.2764 76.6898
20.9361 76.1912
15.9495 75.8649
14.7572 73.1835
13.9085 71.2863
13.5086 69.2378
14.7682 68.1335
14.8754 66.9542
15.7216 66.1355
16.8092 65.0834
22.4335 64.4348
23.0030 67.7889
24.1860 68.9447
23.0834 72.7211
24.1479 73.4205
26.1884 74.3626
28.2846 75.3304
30.0962 76.1668
31.2596 76.7039
31.4765 70.6943
30.2767 67.2199
29.5168 65.0193
31.7201 62.7085
32.5206 60.1859
35.2343 61.2534
37.0933 63.4294
39.0415 62.2525
41.6065 60.7031
42.7034 63.4837
40.7492 67.1671
40.1250 68.4960
43.9264 69.6756
45.4907 70.1610
43.3531 73.7087
49.3468 75.8096
51.9885 76.4988
51.3858 73.4508
53.6208 70.9171
55.6269 72.0542
58.0848 74.1787
59.4571 76.0612
62.3531 79.4745
61.4632 82.1830
55.8588 81.2911
54.5532 84.1042
52.7195 83.5642
45.5117 81.4417
44.4822 80.0334
43.3040 80.4076
39.7922 82.6420
39.1030 84.9189
38.5803 86.9798
37.9436 91.6716
37.3688 95.9069
36.8275 96.9678
37.1011 97.4409
37.2738 98.5658
39.3364 97.2669
43.0169 93.8328
46.4077 92.7735
46.4407 93.8654
45.9833 94.6993
44.6051 97.2124
48.6152 98.0619
53.4317 98.9960
53.8770 98.9365
53.8804 93.3180
56.3603 89.9040
61.9094 91.8000
65.3080 93.0518
66.9797 93.6675
68.4606 89.0130
69.8403 84.6764
73.4224 82.5288
75.1867 81.4711
77.8496 83.5950
76.4788 86.3512
73.2089 89.7275
74.1090 92.8191
76.9807 94.0001
80.3246 95.3754
83.0900 90.5284
86.0594 91.2759
91.9017 85.4142
87.5888 77.6467
80.0030 74.0487
74.4788 71.5341
72.4042 70.5897
71.2357 70.0162
69.2635 70.1744
66.9611 71.4335
62.9814 65.0431
64.8604 63.2324
66.1527 61.9884
67.1499 57.6643
70.9263 58.2257
75.0319 59.4114
72.8100 54.9503
77.0094 46.6703
78.5737 50.5543
79.0483 51.7565
79.9877 54.1910
83.0326 54.2843
86.6884 55.9336
90.9687 56.5803
95.0087 57.1907
89.3977 49.4262
87.6391 36.2881
91.3602 29.7064
91.0641 18.2096
90.9147 12.3994
86.1744 11.9893
80.0000 20.0000
75.6643 24.4190
72.7482 19.7118
74.7742 14.3098
64.2273 6.6506
