385.5169
35.8563 55.5417
35.2450 60.0310
35.8316 62.7042
39.7035 62.9909
50.9019 60.3522
57.0753 52.0827
60.1501 38.0894
60.6854 31.8890
61.1753 28.4156
67.4649 15.2508
80.0000 20.0000
84.8403 17.8086
87.2398 18.4022
85.4699 29.1567
83.1393 43.3191
81.7800 51.3572
83.7854 58.1401
75.3994 67.9458
85.9956 83.1922
81.7942 87.9376
79.0991 88.1161
75.4702 87.8713
69.3203 86.5303
60.9369 84.7022
54.2044 83.8231
50.4128 88.9349
41.7375 88.6706
37.0858 87.8922
31.5755 85.9279
26.0252 88.8714
10.8449 90.5201
12.4231 81.9660
13.5427 75.8974
12.1133 72.1134
12.2997 68.4524
12.7039 66.6279
12.4544 63.8033
11.7610 55.9563
11.7234 51.5432
11.6794 46.3791
11.6285 40.4075
11.3478 35.7428
10.6972 24.9310
13.7629 14.2093
23.3552 15.7820
35.7865 15.8201
35.5567 30.3561
35.4733 35.6301
35.3769 44.5061
