1666.1326
120.0533 195.0001
117.7426 194.7419
111.3740 195.0948
109.0840 194.8826
103.5053 194.3655
98.5168 195.1139
88.9772 196.2260
76.7785 197.6480
79.3129 187.2755
80.0189 184.3862
79.8762 176.5685
80.5651 173.1170
82.7965 161.9362
77.6211 154.7129
70.3688 154.9809
69.7934 155.0021
61.7992 154.8368
56.7742 155.5346
50.4837 154.9883
36.7524 162.3760
37.9865 168.9820
43.0524 172.1924
51.1690 179.6919
51.9322 185.9793
53.3360 197.5440
41.7098 195.4603
37.9111 194.7794
31.5461 195.1202
28.5497 194.8943
21.3437 195.0907
17.5989 194.7075
6.4843 197.3872
8.1751 186.2400
9.6616 176.4700
10.1256 173.4203
9.8400 166.7818
10.5152 163.2079
11.1768 159.7065
8.9880 150.6165
8.3294 144.1514
7.0961 132.0459
17.9959 134.3758
21.3345 135.0895
26.9209 135.4859
30.9314 134.9565
36.9874 135.4646
41.4741 133.0183
50.7010 131.3220
51.9420 119.8644
53.7866 102.8354
42.0552 105.2135
38.7434 104.9207
32.1359 105.2308
27.7138 101.3638
16.1285 105.7798
7.9146 108.8877
8.4808 90.2987
21.3958 80.0959
15.6754 74.0165
8.4455 69.6452
10.3818 57.7369
9.6949 52.5488
9.9910 45.4147
10.0495 44.0063
9.7371 37.2779
10.1134 33.4980
10.1703 26.8377
9.7733 23.7454
8.5202 13.9839
7.0965 2.0456
19.5112 3.3790
25.2181 3.7826
28.5474 9.8094
33.3769 15.5874
40.0007 15.1147
43.6202 4.3217
50.8395 3.6185
60.6586 2.7881
72.6443 1.7744
70.4946 13.2137
69.9164 16.2905
70.3313 22.4471
64.1392 26.9621
57.7441 31.3268
54.1803 36.8679
36.2696 42.7905
38.9688 52.5091
40.1690 56.8306
39.8096 63.0577
42.0810 68.3798
45.6542 76.7520
53.9517 77.0365
67.3485 61.7822
76.8835 51.3542
83.2503 44.4570
88.5943 44.9007
91.3746 45.2945
103.9082 47.0697
107.7424 38.4399
110.2418 32.8142
110.7181 28.7212
104.1514 23.1113
97.5735 18.4699
97.3137 1.8199
108.7923 3.4588
118.6933 4.7814
122.2517 5.2568
131.2912 3.9532
143.1110 2.2486
140.7059 12.9017
139.8718 16.5959
140.2044 22.9886
137.9190 28.3657
134.2825 36.9219
128.5194 49.7636
136.3527 55.6889
148.9482 44.9445
151.4004 45.2985
163.8707 47.0986
164.7580 34.8363
165.4244 25.6258
166.5624 15.7618
168.3303 0.5323
179.5593 1.3158
193.1255 2.2623
190.7215 12.9039
189.6884 17.4767
190.1411 23.3263
189.8230 26.8734
190.0264 34.2737
189.7818 37.0776
189.8444 43.2428
190.4240 47.8809
190.0394 54.4137
189.9830 55.5128
189.6335 62.3173
190.5374 67.0647
191.6691 76.0494
193.1397 87.7243
181.8309 85.5364
178.5923 84.9004
172.9623 85.4488
168.3983 79.5716
164.8887 73.5950
154.6393 73.8587
148.7788 79.7888
147.7629 88.6962
150.3326 97.5575
150.5430 105.2584
150.7082 111.3038
146.6788 115.5676
140.9779 115.0479
136.8648 113.5375
100.0000 100.0000
98.4843 139.7069
100.8211 147.6877
103.5424 156.9062
106.6892 167.5667
122.0566 168.9253
127.3720 151.7567
140.7225 144.9739
146.0274 144.1771
146.3073 154.8343
147.0407 167.8987
162.0595 168.9215
164.9467 156.1153
167.0708 146.6938
169.3363 137.2366
170.0188 134.3878
169.5880 127.8410
171.9113 121.8586
175.1235 113.5878
194.2187 113.1594
192.8584 124.1131
191.6465 133.8712
190.3452 143.5017
189.9320 146.1639
190.5315 151.7831
187.8593 161.1832
190.1834 166.9065
189.8580 173.3207
190.3567 177.6470
189.7615 182.8292
190.5855 186.9235
192.8503 198.0085
181.0113 196.5855
171.3209 195.2700
168.5162 194.8893
162.4663 195.3089
160.0679 194.9998
152.4932 195.3158
148.8664 194.9005
140.1115 194.9982
139.9234 195.0003
130.6777 195.0607
129.2181 194.9694
