1354.4647
150.2357 67.1581
150.0587 73.9181
149.6902 76.4246
147.8669 88.8266
152.9603 92.1023
154.8306 96.2441
163.9536 95.8147
171.1021 96.7723
182.5690 98.3082
180.4435 86.7587
179.6125 82.2434
180.0623 76.1148
178.6187 70.0714
180.1258 63.4185
179.9602 55.8913
180.1566 53.2372
179.7510 47.2176
180.0018 45.1873
179.7271 37.3202
180.0730 33.9739
181.0519 24.1118
182.3140 11.3973
172.3903 14.0255
167.0222 15.4537
159.3247 15.0228
157.2851 14.6244
151.8924 14.8193
147.1930 15.4020
141.1514 15.0665
135.0316 13.6419
128.8518 15.0661
121.8544 15.1735
118.7034 14.7546
108.8876 13.4646
97.2094 11.9299
99.4479 23.1080
100.3573 27.6492
100.4116 35.0702
99.8109 36.9354
100.4623 41.9945
96.6089 45.5925
91.5490 45.1207
83.8102 44.2457
78.1817 45.1667
68.9747 46.3830
59.0886 47.6007
47.9769 48.9694
48.7896 39.7690
63.8167 30.3159
70.7219 21.2694
73.3212 12.4427
60.9520 13.7834
51.1577 14.9257
47.2742 15.3787
42.1629 14.7633
37.4531 15.3298
31.2390 15.0771
27.4724 14.0217
17.7644 11.3019
17.7554 25.0051
19.2742 31.2598
21.5093 39.7172
19.9252 46.2210
20.1975 53.0222
19.9169 55.9505
18.9832 65.6914
17.7926 75.9081
16.4576 87.3646
25.4140 86.1136
31.7059 79.4136
36.1349 72.8970
53.8659 72.8976
52.1840 88.7623
49.9748 95.7091
49.4257 101.6599
50.3944 107.7809
50.6004 115.2589
50.7632 121.1684
41.6161 125.1315
35.0283 120.1743
26.2398 114.2661
17.6702 111.4162
18.9380 124.1071
19.9297 134.0052
20.2535 137.2374
20.0266 145.7293
19.7534 147.2069
20.4946 151.8939
19.9987 155.1622
19.6240 162.2837
20.1839 166.9091
18.6149 176.4210
16.7651 187.6357
28.2766 185.4143
32.8263 184.5923
38.8297 184.9313
42.0367 185.6282
52.8747 187.9836
50.7585 181.1797
50.4891 175.4470
50.0403 165.8967
49.9850 164.5804
49.5640 154.5967
49.3129 148.6427
53.2521 144.4564
58.4903 144.8854
63.8306 147.6799
74.0066 153.0050
74.6774 165.2105
75.2069 174.8472
76.6903 187.5676
91.9742 189.0346
92.9616 174.5212
94.2897 164.2608
95.7212 153.2017
110.6023 151.9034
121.9367 150.9146
120.2542 163.7194
119.9101 166.3382
120.2398 172.8234
119.5273 176.7352
117.4215 188.2977
129.8919 188.1022
142.9607 187.8973
144.9039 175.7868
147.1111 162.0308
153.5347 162.6288
159.6873 175.1248
163.9540 185.8149
169.7045 184.9956
171.8261 185.3992
183.2953 187.5806
181.6408 176.2171
180.0001 164.9491
179.9979 164.8237
179.8472 156.2754
180.3539 152.3633
179.9517 145.9812
181.5028 139.7276
183.0175 122.1586
165.1345 123.5812
161.5633 129.6313
155.4426 136.0989
149.8375 136.2024
144.9185 136.2932
142.6458 126.7518
140.7538 118.8088
133.4824 112.5843
100.0000 100.0000
118.8242 59.0571
122.2745 51.5526
126.1380 42.8946
140.1198 42.6763
153.3515 42.4697
150.8363 52.7603
149.7863 57.0562
149.7204 62.6519
