815.8597
122.8794 152.0212
117.1046 152.0374
114.1674 166.8771
104.0830 165.8715
95.0641 153.6229
86.8571 165.5067
82.9816 165.4548
73.1041 152.2420
68.4120 160.0531
64.4170 166.7036
49.4279 167.9137
37.8820 168.8458
38.0707 150.9046
42.9235 147.9343
50.3051 142.5487
50.2863 137.3755
44.2720 133.1472
37.5009 128.3867
36.0226 112.9830
48.7628 114.6213
56.5327 115.6204
62.9835 113.3022
100.0000 100.0000
54.5761 91.3457
37.1703 88.0295
37.9428 81.0756
50.8277 71.0164
51.7477 60.6480
36.0672 57.0508
36.1431 45.0388
36.2203 32.8299
48.5516 34.6758
51.7604 35.1562
57.1094 35.4269
61.1158 34.9376
74.4737 33.3343
74.9004 46.2830
79.8910 46.2210
85.3376 46.1534
95.1576 33.5673
103.8913 32.9173
106.3559 47.2797
124.5760 46.5988
125.9844 33.0117
138.6816 34.7318
141.5274 35.1173
147.3361 35.3613
151.2533 34.8636
164.2872 33.2076
163.7724 44.8392
163.5077 55.0927
161.3816 59.9283
145.6949 63.2200
147.5793 78.4767
162.7671 81.9055
160.7486 91.2037
147.8542 101.1896
146.6868 107.5645
161.8699 110.8225
162.5240 128.3585
147.9744 131.0340
147.6850 138.6015
162.2740 151.3489
162.6014 168.2724
152.6161 165.5176
145.2787 163.4933
138.7556 165.0777
132.0997 165.2229
