2389.0073
55.2857 83.4889
47.3109 95.3684
42.7736 94.6077
39.4343 95.8556
25.5952 96.7118
27.9457 86.9043
30.2579 77.2564
29.9499 74.0006
29.1468 64.2468
28.7796 59.7874
36.9525 56.7634
42.7976 54.6007
49.4528 54.9850
50.7770 55.0689
56.7659 55.5374
60.6953 51.3362
60.4432 45.4064
60.0200 35.4556
59.9569 34.0726
60.3345 27.5649
49.9533 15.9649
54.8756 12.9437
62.7544 8.1079
66.4786 2.6176
77.7926 -1.3286
86.4362 -4.3434
91.2689 -9.8752
92.7960 -18.0644
79.9569 -18.1452
69.9840 -18.1686
60.4970 -18.1909
50.9894 -17.0131
44.8448 -16.2520
40.8977 -9.1411
34.5379 -3.3765
27.6998 -11.3807
23.5219 -17.3820
14.1175 -15.8870
7.7697 -14.3772
0.7666 -14.9706
-2.1220 -15.6243
-12.8152 -18.0445
-12.2899 -5.3182
-11.6802 9.4519
-1.2316 11.4478
8.9824 13.3988
16.2822 14.2832
23.6569 21.4905
30.5276 28.2051
30.4583 32.0072
26.3283 35.6984
20.2654 35.5285
12.4710 35.3101
8.6870 34.8033
-1.1420 33.4869
-12.7817 31.9207
-11.6844 49.4456
-5.5505 53.3182
0.3879 57.7580
0.6388 65.3110
0.8282 71.0152
-12.1569 71.2037
-12.3573 78.5511
1.4991 90.2663
-6.4025 97.3183
-12.3424 101.4312
-13.7273 117.2120
0.4035 119.4116
8.3480 114.8626
15.0134 120.1210
21.3067 125.0857
27.3132 125.3677
31.8550 124.5582
41.0970 123.3430
52.6858 121.8193
50.5174 133.1920
49.8876 136.4948
49.7559 142.8039
50.4530 147.9758
50.2723 157.3177
45.5568 166.0413
41.1305 165.0641
35.0479 160.3892
27.6813 154.7275
15.0058 156.3431
11.5222 150.3034
6.8795 144.5006
-0.6616 144.0848
-14.1401 143.1032
-11.2714 152.2678
-9.8120 156.9301
-9.8855 163.4908
-10.1744 166.8595
-9.7940 172.9808
-10.0631 176.1219
-10.3479 182.3852
-9.7368 187.2794
-9.8787 193.4470
-10.1358 196.6425
-9.8602 203.3335
-10.4528 206.6872
-12.5168 218.3666
-0.1180 218.1529
9.9742 217.9789
22.9266 217.9313
20.2880 207.3826
19.6990 203.5207
18.1970 193.6730
16.9182 182.2207
28.0937 184.8166
33.0741 186.6502
41.1290 189.6157
50.3916 197.7711
50.1717 203.1549
49.5013 206.7845
47.3530 218.2226
58.8008 216.5902
68.6083 215.1917
72.8204 214.5940
78.5255 214.8907
81.5801 215.1256
87.6487 215.2803
92.4283 214.7007
99.6025 214.9862
100.8431 215.0356
108.8454 214.9331
113.3227 215.5681
119.5498 215.0101
123.3407 214.4255
128.7159 214.9172
135.1173 216.4085
153.4073 217.4809
150.6716 207.5766
148.5088 199.7464
150.0399 194.1075
150.6136 188.4491
146.9529 184.5245
140.1659 184.6413
132.0843 184.7804
127.7508 185.2562
122.5801 185.3386
118.7686 184.8627
110.2500 184.9969
106.8000 185.5258
100.7383 185.0749
98.8696 184.9359
91.5471 184.8796
88.8520 185.1952
75.6398 186.7421
69.2718 181.2538
70.1759 176.8673
69.6200 172.2694
70.0000 165.0091
71.7543 161.2012
75.3161 153.4699
88.9943 154.8644
90.5369 155.0216
97.2579 155.3833
101.7955 154.8375
108.5809 154.8988
110.7449 155.0610
116.8268 155.5168
120.3250 154.9947
128.2801 154.8510
130.8051 155.0554
140.3923 155.8316
145.5360 156.0517
148.4395 148.0701
150.1213 143.4471
150.5212 138.1862
149.9032 133.6507
148.1513 120.7927
159.2312 122.0082
168.9577 123.0751
175.4715 123.9159
180.6115 128.4433
179.9967 134.7438
181.5038 139.7260
174.3013 150.1169
169.8896 156.4817
170.5260 161.7996
167.0922 167.9502
175.3628 180.0622
180.2491 187.2181
180.1092 193.5262
179.4866 196.8504
177.7100 206.4299
175.7795 216.8393
190.3789 215.0072
193.6887 214.2948
198.7818 214.9202
201.1946 215.2165
214.2596 216.8117
212.1818 206.5890
210.3848 197.7474
208.6101 189.9142
210.0541 183.9612
210.6025 178.4186
198.4131 169.5944
196.2534 162.8035
211.2229 160.2081
211.7146 154.3093
212.3224 147.0188
209.6759 142.4747
209.7483 137.2294
210.3197 132.4918
209.8737 126.5840
210.2872 123.6372
212.0509 111.0672
197.5632 108.4580
199.6858 97.4871
205.1690 93.5604
211.0927 90.4547
210.7481 85.6658
210.0576 76.0722
209.4383 71.6958
210.1309 64.1001
213.1184 52.2556
207.4887 54.6795
198.9538 55.6328
194.5971 56.1193
194.0511 43.0381
189.6855 32.5118
189.4799 24.7490
189.3179 18.6299
193.2608 14.4534
198.5830 14.8991
204.2917 18.9461
214.8477 26.4295
214.2773 15.2931
213.8493 5.2624
213.6337 -4.8645
213.3644 -17.5188
199.5992 -14.9920
197.4418 -15.3328
192.0028 -15.2026
187.2928 -14.6266
180.8647 -14.9625
177.7309 -15.7296
167.3883 -18.2611
168.7478 -5.9674
170.3223 2.4817
168.0322 8.2107
164.7142 16.5112
146.6893 17.5667
146.6990 4.0237
145.2773 -5.7317
143.0376 -17.8219
131.9608 -15.5287
126.6986 -14.4393
116.6671 -17.5469
118.3111 -6.2046
119.7320 3.5878
120.2747 7.3277
120.6167 11.5427
108.6652 15.0895
102.2570 14.7420
96.5316 17.3315
87.7710 21.2938
87.2373 35.2762
86.7655 47.6360
98.1108 45.4027
100.1632 44.9987
107.6139 45.2889
114.0577 40.7087
122.5568 34.6676
126.8008 34.4744
130.6010 38.4146
130.0473 44.0284
128.2559 49.3573
144.9711 56.3565
156.1775 42.8637
166.1060 44.2107
170.7000 48.6757
170.1552 53.9908
169.9352 56.1366
168.0313 69.0420
174.1420 73.1045
180.4918 78.0974
180.1809 83.1064
177.8510 88.4337
174.1541 96.8867
160.3149 96.3811
154.7052 96.1761
151.4960 90.2613
147.7888 84.7525
144.6257 83.8658
132.7973 98.0630
100.0000 100.0000
66.4623 97.3685
