1094.0661
88.3789 150.4584
88.8082 160.2656
91.1483 167.7628
94.0255 176.9809
79.6341 177.7024
67.4362 178.3140
65.1819 165.8730
62.6232 151.7515
57.3299 151.8024
48.2604 169.2852
44.4094 176.7087
27.0577 177.9156
28.6052 166.1299
29.8960 156.2994
30.0095 155.4350
29.7656 147.1526
33.6310 142.7095
29.8469 133.2568
28.0770 120.8960
38.7119 122.6797
48.1859 124.4906
51.2834 125.0827
56.4449 125.6533
66.9062 112.2322
100.0000 100.0000
63.0926 86.5278
58.6599 84.9098
51.1201 84.9371
48.2220 89.8500
44.0079 96.9941
26.6468 97.5287
27.2960 84.9893
28.1977 75.8048
28.7903 69.7676
37.5051 67.0371
50.1894 63.0630
50.6560 58.5623
43.0050 52.1464
28.6237 49.9372
28.0896 34.7161
27.6247 21.4702
37.6555 24.0646
42.4690 25.3096
47.3340 25.3619
52.8144 24.5958
60.1180 24.5051
66.6549 24.4239
68.0126 33.8454
68.9883 40.6171
73.6115 45.6749
81.1429 46.7136
92.5840 48.2916
90.3030 36.9502
89.0592 30.7654
88.5894 20.1207
99.4747 21.0637
113.1069 22.2447
115.2298 34.8130
117.5275 48.4170
125.1598 46.2494
131.0874 40.4650
133.0987 33.1122
135.8307 23.1242
148.7580 24.7679
151.6121 25.1308
157.3460 25.3586
161.6021 24.6521
173.5769 22.6645
172.9628 34.6391
172.4136 45.3473
172.9870 57.8713
161.9531 55.5829
158.7861 54.9261
153.1440 54.4929
149.1638 59.0031
148.3677 65.9578
147.2552 75.6761
146.1867 87.1435
158.5538 85.2997
160.7822 84.9674
170.0767 84.2381
176.0537 84.1884
173.8211 99.6770
172.1859 118.7598
162.4925 116.0579
156.7524 114.4580
146.4483 112.6432
147.6547 124.2010
148.6872 134.0933
149.4996 141.8762
153.7105 145.7139
158.9425 145.1520
160.9799 144.9514
174.8698 143.5838
174.3470 154.7350
173.8768 164.7632
173.3842 177.5013
163.6094 175.6741
157.3200 173.7471
152.1836 175.2413
148.9247 174.9420
143.0929 174.5097
138.5677 175.1690
128.9963 176.2693
116.8033 177.6710
119.4760 168.1946
130.0375 155.8652
125.6809 154.0192
114.8677 152.9725
99.4025 151.4756
