429.2148
109.9478 51.1534
119.8366 51.2373
129.6075 51.4933
143.1803 52.3138
142.5468 64.6162
142.0246 74.7573
141.5723 89.6173
100.0000 100.0000
143.7460 112.8031
142.7186 124.3523
141.8770 133.8132
142.7130 148.1516
130.2785 147.6786
120.2224 147.2961
110.2135 147.0280
100.2118 146.7706
90.0953 146.6551
79.9481 146.7187
69.8671 146.8838
56.1421 147.1086
56.1189 134.9883
56.1293 125.0064
56.1994 115.0437
56.2997 105.0633
56.3995 95.1416
57.0590 80.0909
57.8231 65.4071
58.0534 50.9281
69.7881 51.3215
80.0163 51.6644
90.0862 51.5315
100.1602 51.3984
