2025.0701
-3.8563 207.1098
7.1347 204.5807
11.5599 205.1224
20.0561 204.9639
22.5049 205.3188
28.6510 204.9086
31.0936 205.1806
40.9789 206.2816
53.2136 207.6552
51.5124 200.2879
39.9082 186.3519
44.9101 183.7115
50.2859 183.5314
60.0784 183.2031
70.1895 183.1065
83.7298 182.7900
80.8507 192.2009
79.2428 197.7016
76.4261 207.3381
88.9625 205.9076
98.2573 204.8470
101.2142 205.0740
107.5428 205.3066
112.4964 204.6834
118.7020 204.9154
121.9968 205.6343
130.2231 207.3882
143.0963 207.7655
140.6870 197.1046
139.9116 193.6733
140.4932 188.1018
135.1823 183.7630
124.5590 181.6201
107.2690 178.1325
108.6428 165.9768
109.5470 157.9757
113.5043 154.3659
118.9936 154.9226
120.8640 155.1123
134.9883 156.3465
138.3877 148.7568
141.6580 141.3278
145.0447 133.6343
159.0760 134.9387
162.0743 135.2175
173.2690 132.3955
173.0089 144.8541
172.7317 158.1318
155.1906 163.5474
158.5265 169.7752
170.7988 178.9163
170.1875 183.7623
169.7525 187.2112
170.6091 191.5632
169.3237 197.1466
166.8834 207.7461
180.0009 207.7477
190.2051 207.7489
202.7582 208.1039
200.4978 196.9206
199.4463 191.7188
199.8658 186.6330
200.1334 183.3723
200.1753 176.8640
199.7300 172.6919
200.2053 167.0158
199.6849 162.5095
199.9132 156.3149
200.1008 153.5840
199.6511 147.6183
200.0664 143.8499
199.7882 137.0473
202.1055 131.1381
199.9271 123.7947
199.8892 116.4842
200.1439 113.3097
199.8492 106.7300
200.2914 103.6196
202.0722 91.0950
191.3042 92.8777
184.2709 94.0421
178.5835 100.1306
175.1190 106.2721
169.0192 106.7414
159.8023 106.9682
146.3787 107.2986
147.4618 91.6574
154.4534 86.8810
160.2132 82.9462
160.7555 78.8131
154.5889 73.4095
149.0330 70.7099
149.3466 65.5704
149.9443 55.7766
150.1309 53.3874
149.7841 47.0669
152.7799 41.2692
158.3203 30.5474
162.6334 24.6470
167.5652 24.6991
170.8347 28.9997
173.8269 39.5109
177.8975 53.8101
178.8950 60.4306
183.3313 65.5712
194.3294 65.9858
202.8306 68.0287
200.5503 56.9439
199.5219 51.9449
200.0727 46.2039
199.6075 42.2259
199.7786 37.0925
200.0707 33.8126
200.3511 27.6265
189.8953 16.4434
195.2928 13.4845
201.1546 10.3354
201.7288 4.2230
202.8755 -7.9828
191.3539 -6.2085
182.0827 -4.7807
178.4884 -5.1149
171.0762 -4.9419
163.5074 -7.3943
156.4957 -7.3970
151.8217 -0.7547
146.5425 5.6167
143.3905 5.5923
135.6153 -6.0125
131.6283 -5.3405
127.1522 -4.5859
121.4423 -4.8954
118.4951 -5.1139
110.9335 -4.9563
107.6379 -5.2830
100.1673 -4.9986
98.0185 -5.1983
92.5712 -4.6638
88.8856 -5.0623
81.9508 -4.8079
78.7400 -5.0797
72.3053 -4.7307
68.5110 -5.3139
59.8261 -6.6490
46.9670 -7.8264
48.1690 -0.7678
55.2126 10.0402
61.4111 19.5515
65.0122 26.3468
79.9077 25.0004
83.6961 24.2919
88.9637 24.8462
91.5007 25.1133
98.6909 24.9139
101.9640 25.1948
108.0998 24.8178
110.7888 25.0312
120.4128 24.6182
126.4747 24.3580
130.4846 28.0752
130.0744 33.7824
127.6768 38.7244
123.4442 47.4487
109.3182 49.0817
100.5976 50.1029
90.7450 51.2731
80.8963 52.4427
71.0489 53.6384
61.2763 54.8250
59.8356 55.0014
49.2062 55.9317
36.1035 57.0786
38.8539 47.5577
40.1117 43.5098
39.9458 36.0397
40.2362 32.8392
40.3445 27.6023
34.0986 22.9879
25.7110 16.7912
24.5848 5.2959
23.3261 -7.5529
9.5698 -8.2289
-2.0259 -8.9656
-0.1290 3.4976
0.4393 7.9313
0.0437 14.0665
-0.1075 16.0727
-1.5756 29.6121
4.6258 33.4332
10.7917 38.8997
11.3946 49.9062
-4.2983 53.2153
-2.3541 68.5548
14.8819 73.5910
10.9483 80.7495
2.8105 88.0494
-1.8236 90.7573
-2.6948 108.1711
8.9180 106.6639
16.3147 105.7038
23.1695 102.9820
31.5484 99.6548
36.0283 82.9787
43.9874 82.9905
56.7449 97.6172
64.2107 84.0703
100.0000 100.0000
90.6279 141.5124
85.6076 156.0163
81.5228 155.3361
79.1724 154.9657
72.6744 155.3643
70.0921 154.9996
61.8706 154.8235
55.0293 156.3229
45.1832 156.4481
39.3455 151.4417
39.4243 148.3440
45.1162 139.9800
50.6938 131.3401
53.0004 122.1418
40.9436 123.4829
33.7056 124.2881
24.9751 130.1395
17.0671 135.4398
11.4319 135.1244
8.4665 134.6944
-3.7041 132.7693
-4.4853 145.3414
-2.8375 158.0216
14.8349 163.5628
20.5335 168.2227
20.2756 172.6686
14.1362 176.8996
-2.8537 181.9950
-3.3834 195.2641
