532.9977
84.8794 153.5895
77.7464 155.2573
73.0224 154.5323
68.4090 155.2881
58.8349 156.8565
47.5718 158.4680
49.4945 148.1391
50.2849 142.6301
50.1279 136.5945
49.0588 130.7646
49.7014 126.4424
50.2390 122.8268
50.0082 115.3066
49.9999 115.0364
49.7619 107.1690
50.1068 103.5421
49.9993 95.1195
50.0246 94.5540
50.3367 87.5731
49.7159 82.6332
49.9996 75.0921
50.2895 72.6114
49.8878 66.4937
50.1143 63.4923
49.9979 55.2048
50.1222 53.4415
47.1541 41.9870
59.6081 44.3872
71.5167 44.8843
73.0337 45.4713
78.1725 44.8316
81.3827 45.0961
87.9197 44.7812
91.3157 45.0869
97.6838 45.2719
102.0999 44.7770
108.3979 44.8708
112.0144 45.2050
119.6784 44.9948
122.4187 45.2969
128.8292 45.0688
132.6564 44.6407
138.9289 44.9425
142.4784 45.3120
153.3812 42.4961
151.6775 53.8236
150.2914 63.6274
149.8711 66.6006
149.6791 72.4872
150.7631 77.1482
153.2079 87.6605
140.5438 90.5975
100.0000 100.0000
141.3484 108.2031
151.4645 110.2101
150.3736 122.2923
147.5560 131.5504
150.5703 138.3287
151.8821 146.3308
153.6731 157.2559
141.5315 155.3325
137.6218 154.7131
130.3702 154.9820
129.8589 155.0010
121.6108 154.8694
116.7061 155.5581
110.8255 155.0692
108.3560 154.8639
102.4274 154.7009
97.5701 155.2997
91.2573 155.0794
