1046.3789
94.1578 112.7771
94.8808 125.9147
108.0169 144.4102
108.1818 161.0478
108.3499 178.0054
108.4841 192.8537
106.1635 194.7936
26.7587 193.4654
39.8352 179.0379
42.6810 175.8981
55.9184 161.2931
58.9391 158.1023
72.5639 143.7403
74.6408 141.5511
74.8376 112.7702
73.4355 111.2923
58.9886 110.5964
42.0054 109.7784
27.8862 108.9171
25.2931 106.2376
26.0860 26.8806
42.0661 41.8810
59.6314 58.3010
75.5888 73.2178
78.6668 76.0820
93.1642 89.6088
95.2039 91.5119
106.6800 92.2613
108.6413 90.5502
109.3228 75.9875
110.1178 59.0018
110.7558 42.0110
111.2930 27.5633
112.7447 26.1793
191.5772 25.6448
193.4072 26.9765
178.3792 42.3575
161.7969 59.7486
145.4609 77.4062
130.3493 93.2039
128.5395 95.0959
128.7974 108.5910
144.0103 109.6147
160.9910 110.7573
177.9815 111.2710
193.9222 111.8825
194.0529 191.9308
193.2798 193.3052
177.7892 178.2351
160.4204 161.6239
144.5888 146.5289
141.5395 143.6215
125.8078 128.8558
112.5917 125.7241
110.4467 123.3778
110.0000 110.0000
96.5762 110.4944
