154.9745
82.5043 98.3481
85.3345 91.3001
86.4288 89.6585
91.5949 90.2080
93.4946 89.1847
92.2435 84.6712
94.5778 83.8166
100.0086 83.0000
105.7070 83.9721
108.9742 85.4987
114.5673 89.6858
106.6815 91.3420
101.8587 92.3548
100.0000 100.0000
109.0566 99.5685
110.1656 100.5111
117.4214 101.5332
114.6596 108.7170
113.5654 110.3464
108.3971 109.7963
106.4404 110.9100
107.3992 115.8252
101.2844 117.2888
98.7332 112.7194
96.3904 112.1396
93.2596 115.7462
90.9581 114.4776
86.4194 110.3336
85.4795 109.3326
90.0954 106.3910
89.4803 103.6643
88.3252 98.5441
