653.0244
140.4691 85.4777
141.0810 77.1217
139.3371 73.7537
138.5943 72.3192
133.5895 75.9569
129.6758 75.3729
123.9602 82.8336
117.5582 87.3181
109.9793 80.9135
114.4215 74.2755
120.9519 67.0788
127.6138 61.1984
123.2963 59.0529
116.0807 60.1820
107.4785 53.5985
103.6538 53.1402
99.7352 52.7649
94.5239 52.2659
98.0900 58.0483
101.1123 61.0137
97.9087 67.8491
86.2837 71.3078
82.8339 65.6200
78.6895 64.1740
75.8756 59.1340
74.2444 60.4327
71.4803 62.6335
68.2187 71.3255
66.8320 72.8539
61.9742 72.0413
60.5383 74.1010
59.1344 76.1148
63.0950 79.6777
60.3558 85.7555
59.2474 88.0700
58.2284 90.1978
53.3974 93.1915
53.1396 96.3516
53.0000 100.0038
53.1408 103.6587
53.4359 106.9018
60.4455 111.0101
62.0198 102.2182
69.6562 101.3019
72.0054 98.2361
78.0648 97.7076
79.5616 90.9222
76.7689 86.1881
78.4725 84.9471
84.1585 84.3803
90.1202 83.4490
93.2597 82.9585
97.9957 82.2322
97.1623 89.0266
95.0521 93.7713
93.5451 97.1596
92.9982 99.8957
93.4108 102.3631
94.8658 104.7922
96.2364 106.1745
100.0000 100.0000
103.7556 93.8249
105.0162 94.8416
108.0674 97.9124
111.0275 100.8916
117.4526 101.5846
115.0996 107.8830
112.9608 111.0416
108.6094 109.6732
108.0527 115.0384
107.3191 115.7520
103.8628 112.1620
101.1882 112.7547
98.0638 117.7085
90.9747 120.1578
88.0541 124.4959
86.4533 123.3563
81.6201 112.5505
75.8249 117.3477
70.3233 124.6273
65.6206 124.0472
58.9941 124.9134
62.4730 128.4285
70.9502 136.9939
74.2177 139.6260
75.7652 140.8726
77.9184 136.0426
79.6664 137.2049
83.3141 139.6304
92.4979 146.3975
96.3302 146.8580
100.2451 147.2008
105.5372 147.6428
101.9173 141.9587
98.8881 138.9879
102.0917 132.1506
113.7254 128.6965
117.1112 134.3441
120.9574 135.6449
124.0466 140.8638
125.7601 139.5274
128.4522 137.4277
130.9683 129.8139
137.6074 128.2754
139.7005 125.7764
140.8853 124.3619
132.9728 122.0390
127.4906 117.5508
134.9011 112.2884
135.5920 110.1141
136.1246 108.0538
132.5335 103.2466
131.7306 97.9763
139.2461 101.5746
147.5944 105.5715
147.1696 100.2249
146.8508 96.2576
146.5970 93.1785
141.2359 89.4559
