471.6890
65.1319 87.6218
73.5063 82.4922
68.9962 79.0786
70.6286 77.2896
73.3908 74.2622
78.9941 69.5296
82.5654 67.1461
84.1294 66.1022
87.1638 73.0780
90.2271 80.1200
86.3102 88.2346
85.2429 91.2791
82.6672 98.6267
89.2965 100.7098
92.0126 98.0087
95.0841 94.9543
96.2177 93.8269
100.0000 100.0000
95.6760 105.7854
97.5309 107.3489
101.3468 110.5654
101.5707 117.4440
105.5995 116.0819
108.7848 114.5777
108.7105 109.6060
113.6063 110.3124
114.6690 108.6897
117.5110 101.6748
110.0004 101.6556
107.6515 97.6013
105.4843 93.7007
102.6880 88.6678
104.2402 82.4412
102.7234 78.7419
100.3243 69.9119
98.2307 62.2065
103.7698 63.1917
115.0283 66.0879
117.9271 67.3216
119.7344 68.0907
114.6873 73.8382
112.8860 81.8605
117.8619 87.3395
123.1296 84.1612
128.6515 75.4297
131.3281 80.1979
135.0695 88.0741
135.6555 90.1020
136.2088 92.2452
137.6112 98.1851
131.1893 98.3722
132.5583 103.3210
136.6086 110.1086
135.4998 112.1819
127.4996 117.3603
131.0966 120.3160
129.2067 122.7185
126.5763 125.7820
121.0156 130.4649
117.4532 132.9447
116.0289 133.9218
113.5394 128.6012
102.5120 131.6400
102.3460 137.2966
100.2241 137.1309
95.9827 136.7995
85.6892 134.1206
82.0595 132.6261
80.2543 131.8828
85.5837 125.7174
90.0650 119.3562
81.7750 112.5935
74.7810 117.8632
71.1177 124.5523
68.5673 119.5192
64.9512 111.9643
64.3936 110.0593
63.8852 108.1403
67.3762 103.5602
68.0538 97.7566
62.2954 98.0684
63.7826 92.3066
64.3884 89.9592
