272.3010
78.4187 84.9929
76.7642 86.1993
79.5605 90.9172
78.1913 97.6065
72.7160 97.5465
72.9105 99.7421
73.2975 104.1108
75.8867 112.6341
77.6188 114.5297
82.2823 112.6745
87.1699 118.3157
87.0445 123.7853
88.8032 124.6050
92.9509 121.7346
98.7225 127.2856
101.6244 122.5222
106.5606 121.7026
111.5279 124.5328
113.0095 123.7362
112.8154 118.3567
116.9925 114.1058
118.5942 112.4758
123.1908 114.6141
126.7000 104.2205
127.0044 100.1626
126.8825 96.7983
123.3359 85.4517
118.0284 88.9754
117.7885 97.9729
110.9117 99.1796
108.1228 100.6972
100.0000 100.0000
104.2545 105.9323
101.9568 106.9685
99.8847 107.0022
97.2738 106.4490
94.9900 104.8964
93.4469 102.4655
92.9984 99.9009
93.4640 97.4814
95.1038 94.9973
97.5530 93.4016
100.8351 92.0906
105.8770 90.0767
109.2667 82.2462
112.2801 75.2849
101.3734 72.6672
98.3806 77.4746
93.5346 78.3130
88.9613 75.3464
87.0677 76.1929
87.2776 81.4191
83.3842 84.5760
