134.6683
0.0000 0.0000
11.5521 15.0301
12.3581 15.8839
12.4075 19.8859
19.9821 18.0380
19.5555 21.9577
20.2313 24.5490
18.8334 25.1794
18.2658 25.8501
17.9796 26.6280
19.0999 28.0309
21.6680 28.1257
24.8832 25.8104
25.5530 26.3663
26.2299 27.3764
27.9265 27.4365
29.2070 26.8902
30.6871 26.7626
30.2245 25.7266
29.3950 24.6310
29.1107 22.5428
28.6382 21.2476
27.7928 22.0869
27.2094 22.2003
26.4755 22.3430
25.9024 20.7563
25.4324 19.4551
26.1116 19.3336
26.9101 19.7969
27.1795 19.5597
28.6538 18.2618
29.2706 17.4218
29.8613 17.1362
29.6359 16.5091
30.4784 14.7945
31.3467 15.2892
32.0801 15.7069
33.3152 17.5237
33.9584 18.2184
34.6552 18.1680
34.4305 17.1546
33.4590 15.5473
33.2406 15.1859
32.8402 14.5103
32.8653 14.1753
32.8997 13.7160
33.7581 13.7242
34.3835 13.2026
35.4764 12.5553
34.5780 11.9589
33.6455 11.3400
33.1344 11.5928
32.7721 11.6601
32.2687 11.4286
31.0451 10.8659
30.4415 10.9142
29.2095 11.0128
30.2141 12.4363
30.6042 12.6249
30.0993 12.7280
29.5311 12.8440
28.6402 12.7178
27.9194 12.6309
26.8117 12.4975
25.7308 14.0069
24.7359 14.0384
22.9190 12.9711
21.4764 12.1238
18.5273 11.9599
