201.9832
0.0000 0.0000
10.4630 15.8188
11.4279 18.0030
11.8448 18.9468
12.2958 19.9543
13.6234 21.6691
16.9094 18.8076
17.7723 18.3812
18.2364 17.6850
18.6560 17.0555
20.0393 16.4427
20.3362 18.0190
20.9082 21.0565
20.5080 21.7120
20.0990 22.9634
19.2255 22.6216
18.3472 22.2801
17.6454 22.0072
17.4066 22.8520
17.1133 23.8892
17.8533 24.5077
18.5175 24.7189
18.8020 25.7435
18.3420 26.7025
17.0987 27.1558
17.7599 27.8900
18.4690 28.6774
19.1909 30.0824
21.4903 29.3563
21.7183 28.8413
21.5470 28.2974
20.8290 27.3841
21.0664 25.8545
21.1811 25.1163
21.9625 24.7701
22.6845 24.4501
23.8345 23.0710
24.8115 23.4646
25.2513 23.2068
25.4713 22.8528
24.8520 21.5145
25.1372 21.3352
25.5775 21.4375
25.9176 21.5551
26.7999 21.8602
27.5173 21.3635
28.1564 21.5398
28.2107 22.1915
28.5544 22.5317
28.5153 22.9739
28.4232 23.7013
28.2725 24.8927
26.6514 25.4414
26.8402 26.7310
26.7127 27.0113
25.8897 26.9460
25.2470 27.2851
25.2878 27.8148
25.4067 29.3608
25.9488 29.2474
27.7920 28.8618
29.3693 29.8590
29.8563 29.8552
29.6103 27.4668
29.5822 26.6369
31.3084 26.7509
31.5892 26.7695
32.9293 25.9893
32.4836 24.7977
32.0386 23.6079
32.0499 22.6292
33.7216 21.6077
34.1767 20.6661
34.4914 19.8975
34.7482 19.2700
35.7698 18.5755
35.7803 17.4382
35.6064 16.9562
34.5118 17.5000
33.5061 17.7176
33.0957 17.8064
32.1018 17.3729
31.9488 17.4087
31.7791 17.9771
31.7162 18.4497
31.6024 19.3043
30.7216 20.0766
30.1667 19.3185
29.4848 19.1322
28.6495 18.9041
28.0126 18.8336
27.0640 18.9490
26.8217 19.3278
26.1684 19.4467
25.2203 19.2672
24.6110 18.7072
23.7050 17.8745
24.9910 17.3737
25.6218 16.9902
24.9073 15.9915
24.9254 14.8497
25.7653 14.9287
26.2711 15.0228
26.7278 15.1078
27.6935 15.3609
27.8871 16.1770
28.2971 16.3045
28.9038 16.2661
29.3592 16.2373
29.9505 16.8349
30.4155 16.5779
30.6813 15.9605
30.7904 15.7070
30.2140 14.7801
29.7647 14.0992
29.6032 14.0113
28.8495 14.0858
28.7280 13.5128
29.4784 12.5476
29.9080 12.5471
30.3809 12.6984
30.8904 12.8695
31.0905 13.2634
31.4209 13.8474
31.5881 14.1430
31.8838 14.4983
32.2859 14.9376
33.0091 15.4405
33.2287 15.1601
33.4296 14.7338
33.5716 14.3092
33.6609 14.1229
33.4158 13.3754
33.1775 13.1245
33.1740 12.9090
33.4201 12.7727
34.1654 12.3600
34.9255 12.2048
35.0926 12.6846
35.8804 12.9063
36.5747 12.4500
36.9444 12.2071
36.9199 10.7453
35.5687 10.6807
34.2497 9.4892
33.6922 10.5344
33.3027 10.7917
33.0129 11.0520
32.3981 11.6040
32.1300 11.6120
31.7955 11.6220
31.2605 11.1608
31.0703 10.7502
31.3382 10.0545
30.5412 9.5922
29.5829 9.0363
29.0657 9.9327
28.5919 10.7540
28.5294 11.2638
27.8120 11.9589
27.3796 11.9321
26.1553 11.8561
25.7525 11.9320
25.6346 11.8454
23.4893 10.2691
22.5434 10.7469
21.8310 11.1068
20.9161 11.5648
21.5416 13.2455
21.5718 13.8046
20.3508 13.6439
19.4290 13.5225
18.5601 13.4125
18.2451 13.3726
17.1596 13.2351
13.7317 14.0573
