142.3371
3.4072 16.5225
1.2556 15.2146
3.2186 12.1188
3.8747 11.0840
3.4571 10.0073
3.1406 6.1295
2.9235 3.4325
2.7800 1.6500
4.4940 2.2121
5.5201 1.3388
8.3332 4.8839
12.3010 3.5845
13.3709 4.2281
14.2977 4.7857
14.4245 8.1088
16.7445 8.3956
17.4807 7.5340
17.9290 7.0093
19.8120 4.8000
22.0003 5.7302
21.6708 7.0761
22.4084 9.6973
27.0323 10.2883
28.3108 8.6533
29.2605 7.4387
29.4061 6.3201
26.7430 3.1366
25.8422 1.2337
30.8154 1.9697
35.1820 2.6159
36.4492 2.8035
36.3463 4.9581
37.8360 6.0039
38.2339 6.8219
35.5350 7.6454
34.0245 10.4019
36.9214 13.2877
37.8401 16.1956
37.4273 18.0825
32.5135 17.4288
30.5594 17.1689
29.2681 17.5100
27.3847 16.9225
23.8697 16.1466
23.2989 18.7846
22.1696 18.8705
20.2354 17.9194
17.5455 16.5967
16.0884 13.9582
15.3553 12.9884
12.6367 10.9043
10.1080 8.9659
10.0371 9.4302
9.4756 13.0808
9.1808 14.9972
5.6148 17.6182
4.8915 18.1498
4.1566 18.5048
