159.8640
38.5750 5.3128
38.2105 6.3473
36.7489 6.2829
35.7850 5.3397
34.3524 5.6958
30.0863 6.7564
29.8630 7.6193
29.5058 8.9994
28.1297 10.7348
33.1265 11.2455
35.1932 11.7555
38.5135 12.5749
37.7411 16.1227
37.3199 18.0575
33.6671 18.4970
31.9911 18.6986
29.9392 17.3695
29.5862 15.8517
28.3704 15.8993
23.6054 16.2674
22.7602 16.3327
23.1797 18.8975
22.1348 18.9902
20.1242 18.1241
18.1218 18.2819
17.1560 17.8182
17.0061 17.2416
16.9002 15.7684
16.3232 13.3444
16.0011 12.5102
13.8506 9.3658
12.6569 10.1203
11.7710 9.7336
10.2961 9.0899
10.3237 10.0029
10.3736 11.6518
8.5412 12.9896
10.0546 15.4606
6.1939 17.9700
5.4571 19.0823
4.3539 18.7790
3.3345 16.7362
2.1213 15.8322
1.5684 15.1970
3.9632 12.6324
4.7835 11.3540
3.6785 10.5059
2.8778 10.0660
1.8524 6.3407
1.1892 3.9315
2.9287 3.1191
2.7948 2.2409
2.7800 1.6500
3.0443 1.0269
3.9182 1.2116
5.0625 0.9150
5.2968 2.3197
5.9454 3.2233
7.8838 5.9236
9.2050 4.9740
10.5294 4.0221
11.9151 3.5278
12.7222 3.2399
13.6491 3.6249
14.9369 4.1600
15.8278 5.4339
16.6612 6.6255
16.9045 6.9733
17.8873 8.8205
21.5899 9.4546
20.2740 7.1678
18.9759 4.9119
19.9142 4.6122
22.9315 4.5657
23.6361 4.2450
25.9026 3.2135
26.2809 1.8316
30.5761 2.5114
34.6584 2.3243
35.5764 2.0047
37.2785 2.2202
38.6821 4.5347
