2842.0785
298.4207 142.6843
288.4665 171.3949
288.6785 200.4281
263.7500 200.6489
229.1092 200.9556
230.1978 195.0209
234.2384 185.5246
241.4926 168.4754
242.9661 153.8596
235.2673 155.2794
228.0625 158.0724
213.8159 163.6041
216.1370 147.6033
208.8102 126.7823
190.6662 126.5764
188.5305 131.1046
177.6788 154.1127
173.3686 163.2503
158.3650 160.9671
142.7877 158.5967
131.8810 160.6740
124.7685 170.0895
129.7644 184.8746
134.5276 198.9707
144.6668 190.6796
148.8643 190.5814
155.0932 190.6949
159.3040 190.6985
184.2230 200.3761
184.6566 206.8022
187.9844 256.1203
208.6965 259.7511
216.3559 278.4867
214.1993 282.3583
207.7466 302.9005
198.0765 333.6860
218.3354 332.4404
229.0110 325.5064
230.9704 315.7064
233.3904 303.6025
242.8445 298.4322
242.0092 288.0544
241.3241 279.5440
259.9722 261.5962
273.5234 265.0965
278.2985 264.8412
288.0912 262.5330
295.8842 266.6748
300.4399 273.4730
298.2717 276.1844
288.4878 304.3527
287.0089 324.3422
270.9275 331.5500
271.2959 335.9101
288.2661 344.8321
295.0932 388.6981
284.3931 389.2494
254.4023 390.7639
214.4149 392.7665
189.3850 394.0201
183.2349 397.5352
169.3000 405.5000
122.0422 395.7337
91.6194 393.4701
49.4938 390.3415
23.5759 388.4166
32.1056 340.0714
33.7385 330.2172
37.5788 307.0430
20.5098 297.8563
14.2695 275.5036
18.9092 269.1134
24.2363 261.7762
38.8454 265.2661
46.5220 261.2180
57.7363 275.2666
62.2527 280.0983
76.3289 285.6977
71.2932 294.1041
77.5824 304.1160
71.3970 318.9646
66.3542 331.0704
64.6523 333.2730
93.9362 333.7787
115.6545 311.4252
129.6080 320.7914
135.2341 332.4855
144.2521 323.8808
147.8641 324.0154
156.8592 324.6899
160.4300 318.5355
169.7660 302.4447
167.5521 291.1390
155.8263 289.6356
149.6318 288.8381
143.4382 288.0408
138.7520 287.4351
132.5524 280.0787
118.2701 261.3173
96.0348 256.3549
92.4550 206.6844
92.1346 200.3952
70.2038 190.9392
66.5978 190.4808
60.9553 194.6495
54.1145 199.7035
33.9095 200.2253
37.6533 174.0818
20.5279 164.7777
14.3123 142.2425
18.8172 135.9824
23.9884 128.7967
34.6047 131.8868
39.2373 131.7331
49.2384 129.3325
59.3362 144.4277
64.0805 151.5199
68.3314 157.5837
74.8628 159.7451
82.8323 162.3824
86.5934 153.7480
96.5366 131.0013
98.5391 126.4871
112.6992 123.2003
114.9041 118.8456
95.7240 75.0737
92.6377 68.0304
69.8068 57.7959
66.4459 57.4338
60.9278 61.5428
54.5002 66.3290
34.2023 67.4093
37.6630 40.9993
20.3395 31.4615
12.5792 12.4796
22.4343 13.3365
37.7756 15.0074
52.2231 18.2614
65.9540 21.3540
67.9308 24.2373
81.5437 25.0956
88.6410 29.2349
114.6013 28.9524
131.6116 25.3837
143.2919 22.9332
146.0122 -0.8450
164.9656 19.6509
162.7159 25.8803
169.8244 35.7641
157.7006 44.4163
149.2951 50.3066
142.2300 55.2575
137.3637 66.2917
137.0460 67.8994
148.8343 67.7253
161.4247 67.5393
192.0470 67.1857
217.3719 66.9626
228.6980 59.6091
227.3590 53.5921
216.9405 37.6800
224.5557 27.0116
226.3181 24.1525
228.9585 21.0985
233.1133 23.3662
238.2608 22.2076
244.2166 21.5522
250.8950 28.8335
278.0536 14.7961
292.6069 13.3177
302.4535 12.3175
288.3586 38.8512
287.7292 62.8434
287.5761 68.6803
268.7776 68.9151
259.5140 122.7739
278.7836 132.3689
286.3344 129.5643
296.6282 134.2068
300.4323 140.1143
