1408.9602
145.5838 33.2102
131.0814 32.9598
100.1542 32.8417
68.4675 32.7206
56.7949 33.3966
37.2297 34.5297
47.2821 145.6313
56.4684 176.0415
84.5521 167.9543
100.4214 161.7943
118.1863 162.3822
138.4955 174.4639
149.9596 196.0158
151.3530 213.2794
144.4587 246.0073
137.0303 298.2061
117.0121 300.3914
81.7857 294.4331
40.9049 290.3537
47.0725 334.4829
46.1528 364.1934
90.3027 375.9175
169.3000 405.5000
208.0263 367.0056
270.5628 366.4920
257.3646 330.8716
249.9686 300.7642
249.2040 278.3060
253.0722 270.5103
268.2281 264.6702
263.6181 203.2369
262.4377 187.5079
268.5737 149.9457
237.0511 140.0126
222.3386 124.6999
259.8781 54.6470
273.6865 28.8792
221.0656 34.5803
192.8690 34.0268
