2073.6434
193.7624 75.1991
173.1338 117.0748
124.2790 125.4440
105.8811 132.9215
119.3775 158.0213
138.8702 194.2727
160.9018 197.2992
178.0498 174.0997
195.5115 196.4754
219.7530 191.5217
233.1172 182.0990
227.2191 155.5286
240.9911 151.5141
258.1452 146.7179
272.6302 142.6680
295.3809 136.3071
296.5804 196.0422
298.0266 268.0683
251.2125 292.2178
239.5450 283.0230
223.3445 278.4171
215.2203 269.8984
187.8381 274.6765
172.7173 277.3150
143.8516 269.3155
148.3537 280.9182
153.9028 295.2187
142.1518 314.9143
148.2992 321.2242
157.5979 328.3322
161.5055 331.3192
222.8968 332.1377
234.4973 332.2924
280.1374 347.7232
274.7968 385.6843
256.1828 389.0596
184.8034 402.0027
169.3000 405.5000
89.3659 392.3453
39.2066 375.7262
50.7480 340.9793
40.0566 324.8328
38.8027 308.6539
39.3197 298.6269
57.5625 291.7492
75.2613 283.3337
55.2990 251.8048
47.5671 239.5928
55.3137 204.3541
44.5913 192.0745
29.4200 174.7000
57.9535 157.2345
38.2169 139.4151
43.0006 121.4030
30.6657 72.6020
16.5196 16.6353
25.4705 22.7099
45.0768 36.0157
64.1032 31.5954
71.6174 48.6381
99.1720 51.6000
125.4519 49.1663
131.4491 44.0410
141.1337 35.7643
152.8670 28.5487
145.8047 -1.8633
174.3956 15.1878
219.0577 17.7426
241.3621 19.0185
276.2713 11.2485
285.0011 12.2263
268.1981 36.1923
234.8979 49.8670
230.4911 64.4294
