221.9307
11.6943 14.2803
13.2903 15.7045
13.5000 17.0000
11.9187 18.3950
12.3038 21.2821
9.0575 20.6867
4.4153 19.9097
2.0000 22.0000
3.2155 23.6202
3.4490 24.6214
4.7226 25.4658
6.0276 26.3310
4.5809 27.6413
3.5641 28.5990
2.9902 29.1394
4.0000 31.0000
4.0587 31.3375
3.1232 32.5441
2.0000 34.0000
2.0000 35.0000
3.6710 35.0557
4.7000 34.5000
6.5229 34.7505
9.4654 35.1549
10.0000 33.0000
10.7921 30.6104
11.6965 29.6989
13.5096 27.8715
13.7812 29.0504
14.0000 30.0000
15.7795 33.1030
17.2797 33.2424
17.9000 33.3000
18.8409 33.6589
23.0000 34.0000
24.3058 33.0943
25.8919 31.9941
27.0000 33.0000
27.7235 35.3096
29.5280 36.1184
29.7406 31.9867
29.8962 28.9946
30.0000 27.0000
29.5664 26.2510
28.8342 24.9862
27.0045 27.0000
25.7381 25.9651
21.2000 27.5000
17.5523 26.0420
16.0000 24.0000
17.8114 21.5845
18.4444 20.7430
19.0279 19.7655
18.9148 18.5777
20.7056 18.4972
21.7000 19.0000
24.2209 20.0247
27.1541 20.2888
29.5000 20.5000
27.0000 17.0000
27.0000 16.0000
30.0000 16.0000
30.0000 12.0000
29.2111 10.4960
28.2816 11.5487
27.0000 13.0000
25.9548 13.0497
23.9081 13.1470
22.8377 13.2341
21.1598 13.3706
20.6226 12.5780
19.9764 11.6246
20.7465 10.6654
25.2711 9.3154
28.0974 5.4306
24.6861 5.1113
21.9852 4.8582
20.1596 4.6872
18.8464 5.0119
15.7512 3.9679
13.4881 6.5001
11.1583 3.9874
10.3057 5.6423
9.8861 6.4566
9.4000 7.4000
7.5000 4.9000
6.2427 3.6531
0.0000 0.0000
2.0000 6.0000
3.1183 6.4719
2.0000 9.0000
4.0000 10.0000
4.0000 12.0000
2.8164 12.5775
2.9581 14.7137
3.3614 16.0676
3.9316 16.0023
5.0000 15.0000
7.0000 15.0000
9.9167 11.9965
