143.6936
0.0000 0.0000
1.6468 5.4640
3.2031 10.0022
4.6784 14.3043
7.4390 14.2416
8.2866 14.0892
9.1347 14.2023
10.5152 14.2441
12.5098 14.3045
13.9948 14.3024
16.4083 14.2989
17.6940 15.0204
17.9133 18.6813
16.9394 23.7477
15.5662 24.2424
14.4526 23.7730
11.7306 23.5002
9.9568 23.3224
3.6900 21.4036
4.2172 27.3617
4.4758 33.1368
6.7024 33.3333
9.5738 32.9289
12.0841 32.3120
13.3682 31.9471
14.2225 32.2065
15.0541 32.2184
16.4601 32.2385
17.6200 31.7716
20.0341 30.7999
21.9436 31.7346
28.1383 34.6872
27.9237 30.0661
27.6711 25.6100
27.3892 20.6389
26.9890 16.7420
26.7000 14.0246
26.5616 11.6374
26.4281 9.3349
26.2835 7.7923
26.0581 6.4054
23.3321 6.5589
21.2140 7.3991
20.0288 6.6739
18.1130 6.3627
14.5282 5.8188
12.5089 5.5124
9.8957 4.2067
7.8294 3.1742
