337.9542
0.0000 0.0000
1.8548 4.0662
2.4614 5.3960
3.3613 5.4120
3.2421 5.9432
2.7346 6.8048
3.2802 7.2441
3.2825 7.7493
2.7392 8.1767
2.7292 8.7855
3.2847 9.2571
3.2755 9.7703
2.7219 10.2377
2.7233 10.7664
3.3082 11.3148
3.3149 12.0066
3.3211 12.6582
2.5389 12.5360
2.3903 14.3478
2.7647 14.2773
3.7498 14.6541
4.2554 14.8474
3.6110 16.3470
2.4910 16.5802
2.5565 17.4823
4.3015 18.5997
3.4575 19.4677
2.5752 19.4968
2.5520 20.0243
2.4906 21.4195
2.9608 21.3893
4.3036 21.3032
5.3028 21.0094
6.9172 20.6391
7.9300 20.4067
8.6590 20.3207
9.3926 18.4568
7.6053 17.5403
7.6133 16.0032
7.6162 15.4450
8.9783 15.5038
9.9182 15.5444
10.8742 14.8314
11.6645 14.2421
12.2244 14.4870
13.0628 14.8583
14.3823 15.4429
13.3725 17.5711
12.3504 17.6745
11.7370 18.1860
13.2406 20.0328
13.3318 20.6377
13.0402 20.9148
12.4614 21.4637
11.5230 22.0608
10.8560 21.7463
10.1752 21.7396
9.2600 22.8079
9.5636 23.4900
11.0438 23.7577
12.0121 23.9327
12.9810 24.1064
14.1197 24.3016
15.4558 24.5306
15.5469 26.3898
14.9752 26.4140
13.9835 26.4434
12.9920 26.4581
11.9976 26.4626
11.0011 26.4606
10.0024 26.4562
9.0068 26.4504
7.5157 26.4416
7.4518 25.5033
7.3793 24.4386
5.6323 24.0237
4.7243 24.7403
4.4824 24.5047
3.6026 23.6479
2.5206 23.5538
2.5454 24.9505
2.6583 25.9420
3.2657 26.1962
2.7553 26.9155
3.2946 27.2829
3.2657 27.8039
2.7166 28.2533
2.6544 29.0510
2.6152 29.5537
3.4803 29.5546
4.4503 31.5158
4.5442 31.6159
3.0252 31.6024
2.4291 31.6273
2.3367 32.9538
2.2683 33.9346
2.1618 35.1262
2.2775 35.2924
2.7840 34.7846
3.8258 33.7398
4.1453 34.0196
4.4165 34.8666
4.6572 35.6181
6.1248 36.3437
6.9880 35.9699
7.9583 35.5849
9.4969 35.4303
9.4637 33.5386
7.6546 32.6137
7.4980 30.5742
8.0885 30.4608
9.0610 30.2740
10.0143 30.0619
10.9616 29.8438
11.9257 29.6069
12.9177 29.4194
13.6777 29.3117
14.2591 28.9145
14.7856 28.7292
15.4094 30.4784
15.4996 32.4279
13.9637 32.8754
13.0333 33.1243
11.5545 33.5199
11.5316 35.4568
12.9949 35.4434
13.9834 35.4344
14.9626 35.4056
15.9437 35.3439
16.7819 35.2719
17.5901 34.5183
18.1146 34.0291
19.1005 34.4466
19.9930 34.4356
22.5278 34.4044
26.6683 33.6838
26.8048 35.0199
26.9593 36.5332
27.4706 37.4032
29.4401 37.4860
29.3762 36.0273
29.3280 35.0325
29.2839 34.0316
29.2600 33.4879
29.3146 32.9325
29.4134 31.9300
29.5105 30.9514
29.5051 29.9971
29.4997 29.0540
29.3930 28.0655
29.2559 26.9977
29.2698 25.9900
29.2800 25.2435
28.5899 24.6399
26.5713 24.5013
26.5247 26.0162
26.4945 26.9949
26.4653 27.9854
26.4380 28.9862
26.4133 29.9900
26.3967 30.9661
26.3525 31.6019
22.9639 31.7578
21.6634 31.7577
20.9107 31.0581
20.3573 30.5835
19.7570 30.0686
20.4066 29.3882
21.4464 28.2990
20.9140 27.8139
20.4318 27.3745
19.8312 26.7411
18.6475 27.3241
17.4570 26.2828
17.5428 24.5320
19.4983 24.4291
19.8532 22.9644
20.1023 22.0272
20.3602 21.1002
20.6228 20.1559
20.9776 19.2364
19.7996 18.7332
18.3810 18.6577
17.6893 20.3063
16.9536 20.3596
15.5372 20.4623
15.6485 19.0512
15.7100 18.2712
16.3572 17.5944
16.3959 15.6488
16.9515 15.6880
17.9554 15.7588
19.6603 16.3201
20.1064 15.9220
20.3734 15.1251
20.5895 14.4798
22.6240 14.5041
24.1604 13.7141
26.3649 13.4176
26.3804 14.0160
26.3925 15.0074
26.4045 15.9993
26.4034 16.9898
26.3941 17.9944
26.3848 18.9954
26.3772 19.9956
26.3732 20.5701
24.7525 21.1070
25.9631 22.0476
26.6162 22.5550
27.6393 22.8410
28.6064 22.6923
29.3699 22.5749
29.3834 21.9860
29.4066 20.9671
29.4624 19.9699
29.5151 18.9744
29.5678 17.9785
29.6173 16.9836
29.6381 15.9924
29.6480 14.9965
29.6216 13.9838
29.5967 13.0259
29.5260 12.0337
29.4504 11.0419
29.4072 10.4757
27.8915 10.9611
26.7970 11.3116
26.4750 11.4066
26.6238 10.0694
26.7138 9.2612
27.3353 8.6821
28.9406 8.8303
29.4080 8.5234
29.3582 8.0705
29.2400 6.9935
28.4771 4.5516
27.4788 4.5861
26.4366 4.6222
26.3263 6.6481
25.4371 7.4892
24.5143 7.0685
23.6855 6.6916
22.8574 6.3150
21.7351 5.8069
22.4273 5.1507
24.3257 3.3507
22.9990 3.3470
22.0072 3.3663
21.0192 3.4123
20.0393 3.4579
19.0396 3.5322
17.6385 3.6364
17.7873 4.7755
18.5198 5.4455
19.2461 6.0967
18.2138 7.2388
19.2735 8.2232
19.3210 9.0395
19.3785 10.0281
19.4229 11.0103
19.4492 12.4763
17.9956 12.4251
16.4248 12.3697
15.7750 10.7283
14.0695 10.0569
12.9312 10.5431
11.0727 9.7566
9.9431 10.2421
8.5191 9.7448
7.8867 7.1495
7.6862 6.3268
8.4869 5.9599
9.4426 6.6411
9.9937 6.6465
10.9861 6.6562
11.9641 6.6769
12.8385 6.7232
14.1048 7.0508
14.3817 6.1126
14.7561 4.8439
14.9411 3.5150
13.9805 3.4756
12.9832 3.4372
11.9851 3.4000
11.0062 3.4147
10.0398 3.4928
9.0770 3.6136
8.2518 3.7171
7.5074 4.1400
6.7878 3.7298
6.0341 3.6464
4.0825 3.3847
3.1977 3.2661
