164.0857
6.0293 22.2676
6.5460 23.0076
6.9555 23.5941
6.7590 24.4962
6.3772 25.2322
6.9080 26.1965
5.4020 26.1891
4.5000 26.1891
4.1066 26.1891
4.2369 25.1460
2.9060 25.0096
2.1956 23.9130
1.3569 23.2753
1.0191 23.2982
1.0018 24.6878
0.9820 26.2809
1.8368 26.8304
1.6216 27.4080
1.2279 28.4644
1.9137 28.8629
3.2916 28.8867
4.2982 28.9041
5.3115 28.9221
6.6978 28.9448
7.2959 28.9540
8.7030 28.9702
9.3963 28.9766
10.4008 28.9830
11.4031 28.9901
12.7000 29.0000
12.1768 27.0621
12.0362 25.6451
11.3146 25.1779
10.2766 25.9957
9.6063 26.5318
9.1877 26.0897
9.1577 24.7835
9.0327 23.4727
10.7930 23.2862
11.7495 22.7099
12.3036 22.5793
12.1265 20.9726
12.0674 20.4895
12.0563 19.8705
11.2545 19.7971
10.7693 19.7527
10.1715 20.9690
9.4013 20.8878
8.4454 20.7836
7.6928 20.7016
7.1549 19.3620
8.7565 18.3031
9.0059 17.7000
7.6826 16.9536
6.9019 16.5133
7.0049 15.3984
6.7095 15.0977
5.8670 14.2397
5.1181 13.4767
4.5813 12.9239
4.0184 12.3442
4.0349 11.1808
5.4003 11.0425
6.1306 11.5717
6.5228 11.8666
7.2566 11.7764
7.9595 12.4140
8.5053 12.9091
9.9087 13.0255
9.2112 15.1300
10.0698 15.5745
10.7956 16.2560
11.4760 16.3501
12.1463 16.4428
12.1386 15.2970
12.1344 14.6804
12.0688 13.4278
12.0607 12.9914
12.0364 11.4945
12.0257 10.8346
11.9047 9.7217
10.6291 9.6753
10.2299 10.7475
9.0628 10.3536
8.8605 9.7075
8.2405 9.0949
8.8669 7.2217
9.0588 6.6478
9.9182 5.5658
10.9153 5.9635
12.1518 6.3386
12.1547 5.0917
12.0473 4.5139
11.9469 3.5681
11.8625 2.9668
11.9397 1.9520
11.5212 1.9676
10.6879 1.9987
10.3371 1.3499
9.3430 1.2125
8.5394 1.1185
7.9595 1.0508
8.9225 2.7737
8.7943 3.4554
8.6262 4.3487
7.8547 3.9436
7.2794 3.3094
6.8190 2.8017
6.3199 2.1057
5.5901 2.0000
5.1791 1.7342
4.6457 1.6755
3.3589 1.5606
2.3772 1.4729
1.7238 1.5213
0.7215 1.5956
0.8010 2.9117
0.9506 3.3797
0.7428 4.4285
1.5045 4.4517
2.3526 4.4776
2.8141 3.9369
3.3270 3.9098
3.8789 3.8807
4.0214 5.0043
5.3064 5.1704
6.0439 5.8104
6.8532 6.5125
5.2294 7.0321
5.7534 8.4121
5.2631 8.9231
4.7485 8.6182
3.8661 8.1110
3.3964 7.8410
2.6910 7.8289
1.0931 7.8016
1.1738 8.3303
1.7272 9.2402
1.9914 9.6748
1.9105 10.8926
1.2331 11.6236
1.1575 12.5470
2.1308 13.5006
1.5720 14.6868
1.2149 15.4431
0.8488 16.2184
1.5682 16.6228
2.2324 16.1353
2.6864 15.8021
3.4535 15.6762
4.1465 15.8574
4.5049 16.8626
4.7294 17.4925
4.2975 18.3311
3.8115 17.9870
3.4403 18.2308
2.4550 18.9237
1.6741 19.1103
0.7785 19.3243
0.9778 20.3747
1.7679 20.8863
2.2365 21.1899
3.1347 21.6963
3.6098 21.9614
4.1401 22.1445
4.7884 20.9092
5.3276 19.9735
5.8287 21.3879
