1048.6343
11.8586 49.3406
4.3067 51.5674
4.9231 53.4209
8.8838 54.6412
11.9970 55.6004
12.3521 55.8109
11.7507 57.0867
10.8276 59.0453
9.9427 60.9204
8.3337 64.3298
5.1533 63.6485
2.6838 63.1194
2.4360 66.9721
2.1752 71.0265
3.0480 74.6677
2.5625 81.6874
8.2162 82.6221
5.0509 88.0760
3.3143 93.1836
2.0513 96.3816
4.3570 97.2042
11.4862 97.0596
13.0292 92.9973
16.9737 95.4931
19.1773 92.2575
23.1580 94.0648
26.5453 93.0456
27.9993 91.5932
31.4054 92.3597
33.2091 94.5170
35.0410 97.7809
38.4453 93.9453
34.6353 87.4270
35.8308 85.8035
36.2147 84.1514
36.6370 82.0090
34.4965 80.5636
31.0224 78.0860
27.5805 75.6313
25.9432 78.3173
24.9517 79.9439
23.1381 83.1007
20.0788 81.2358
18.2213 80.1035
18.4945 77.6643
18.7411 75.4629
15.6957 71.4746
22.8759 69.2251
24.0922 61.9028
23.2524 61.1224
22.1739 60.5081
20.0440 60.4944
19.1519 59.9232
19.1809 56.2592
20.6591 54.9772
20.8291 53.6946
19.7928 51.7910
21.7476 48.7240
22.7499 46.3779
24.2419 41.9084
26.1488 41.7822
28.4741 41.6282
33.1703 40.3308
33.3117 43.1456
34.7705 45.3350
36.6382 47.0375
38.0224 49.0550
40.6379 52.8672
42.4370 55.4896
42.0362 57.4998
40.0899 58.2666
31.8937 54.9367
33.1537 60.4958
36.9698 67.1972
40.6236 68.2588
41.5166 69.7850
42.1802 72.9825
45.9375 70.1643
46.9926 67.2421
49.4579 64.3786
52.9661 66.1870
57.9421 61.7388
57.9382 58.5238
55.5723 54.0885
57.8304 54.2411
61.9000 54.5160
67.1034 56.5029
67.7796 56.7611
66.2483 58.9329
66.5535 59.7635
68.0046 63.7132
66.3667 65.7383
64.7493 67.7380
62.2453 68.6579
61.7803 72.2616
61.2600 76.3214
62.1452 79.5480
64.7881 81.2700
62.4993 83.6651
55.5106 85.1609
53.2759 83.6171
51.6162 82.5089
49.9587 81.4020
47.5623 81.5877
45.6000 81.7398
43.0939 83.6267
42.4540 84.8303
45.8929 86.7151
49.4396 88.6635
51.8772 90.1525
51.2305 92.9771
50.5521 96.1400
50.2430 97.5812
51.8701 97.6223
53.8908 97.6733
55.6546 96.6692
57.9943 95.3372
59.6020 95.7134
65.2700 97.0400
67.1610 96.1731
68.9144 94.9599
74.9096 97.8534
77.0093 93.2529
78.9651 91.6584
81.1273 89.8956
83.1573 90.2194
86.9765 93.5875
88.6980 94.8944
91.0105 95.1275
94.6549 95.4947
91.5364 90.7422
90.1555 88.6378
84.2434 84.0345
81.7587 82.0313
79.1603 81.5929
75.5354 80.9509
77.5750 78.0628
79.0100 76.0308
78.0882 74.4529
78.9832 70.5954
81.8370 72.1936
85.1607 74.0550
86.9408 75.0029
89.5248 76.3790
95.0296 79.3097
97.1503 80.4411
96.5696 73.1645
95.6399 72.1019
92.8955 68.9653
90.5264 66.2615
94.5317 59.3127
88.8128 57.8704
84.8532 60.2481
82.5392 61.1320
81.4098 58.8616
79.7785 55.5822
76.3643 56.3709
72.9101 55.6068
72.9353 53.6783
72.9802 50.2437
71.2655 47.3754
71.5277 45.3166
78.4354 47.9913
79.2758 46.1080
79.4662 44.0286
76.1872 41.0339
74.3604 39.3655
74.6410 36.0362
74.8865 33.1225
78.5220 31.5795
79.4806 29.9775
81.2851 27.7650
83.2059 25.4098
86.1356 26.5150
87.1105 30.2189
85.4981 32.4415
81.9985 37.2656
85.0312 42.1578
86.5442 44.5983
87.7772 46.7145
90.1861 46.4641
92.3847 44.5759
94.5208 43.4175
94.2664 41.3475
94.9059 38.0336
97.3532 25.3524
97.6384 23.8748
96.4867 18.9078
95.6187 18.2757
93.0148 18.5458
90.6299 18.7932
88.8220 17.6103
89.5455 15.4210
90.9232 11.2524
97.5553 7.4302
97.2269 5.7161
95.6790 4.5427
88.8692 2.4717
79.7680 10.6203
78.7714 13.4696
78.1003 15.3882
77.0752 17.9144
75.8755 20.8686
69.2459 14.0219
72.7849 6.3480
70.3427 6.3219
68.2642 6.4801
64.3105 4.1052
61.5907 2.4715
58.2345 5.5697
55.5338 3.3065
52.7179 3.3941
49.6081 2.2588
48.9836 3.4266
49.1730 5.8292
47.9976 8.5574
45.8763 13.4810
47.9259 17.1930
48.7746 18.7302
51.1468 18.3836
54.1277 18.5901
56.1231 17.3532
58.4346 15.9203
60.9064 20.2257
60.1694 27.4356
57.0888 31.6992
57.3234 35.0277
59.1071 36.7050
60.0364 40.2819
56.2941 39.7568
53.0696 43.0307
48.3878 40.6144
47.3532 40.0804
47.2112 33.4453
46.5073 30.3762
46.3226 26.8171
43.0678 24.9148
37.3493 30.3202
36.8888 27.4805
36.2952 23.8207
37.4773 22.2958
39.7294 19.4134
37.8495 16.7579
39.1022 8.4352
40.2598 4.3779
32.7683 2.8446
23.1121 1.9985
20.8256 1.7981
22.0663 4.7501
22.9732 6.9080
25.1723 8.0518
24.7727 12.5799
24.6144 14.3735
26.3885 17.8006
28.0209 20.9540
29.1309 22.5047
27.7909 25.3624
29.9022 30.2632
25.2828 31.5841
22.4920 32.3822
19.9552 29.2321
16.2732 24.6758
14.2296 22.2020
11.9420 19.4329
14.5056 17.3079
15.4763 16.5032
15.5915 12.3875
13.9565 11.2780
12.2140 10.5374
11.3981 4.2721
9.5617 3.6037
4.9618 3.5902
1.9436 3.5814
3.0375 5.7767
4.4458 8.6030
3.4446 10.8154
2.4957 12.9123
2.5320 16.3899
2.5603 19.1072
3.8954 21.2624
3.5834 24.1583
3.2912 26.8705
2.2831 35.5085
3.9869 37.0705
7.5785 39.0115
8.4177 40.7898
9.5682 41.4273
12.3114 39.5245
16.2273 37.9598
15.7099 40.2180
14.8624 42.2145
13.9708 44.3296
