459.4815
37.3747 61.1306
29.4087 63.9979
25.6042 61.7445
18.2953 57.4153
12.2588 57.7059
9.6262 57.8327
9.6026 67.9773
10.7942 74.6269
9.3277 84.2217
8.2419 91.3256
15.8611 90.0720
24.4691 88.5155
28.7562 89.0322
33.6441 89.6212
37.1115 90.0787
44.7809 89.7451
52.1064 89.9113
55.2934 88.1772
58.6470 86.3525
69.2093 89.5165
76.4197 89.7828
88.8742 89.9771
89.1222 81.9217
89.2843 76.6583
86.0903 73.8364
87.0070 61.9397
85.0462 55.3063
84.6251 51.8926
87.5790 46.3814
82.2847 45.4015
82.2942 40.2443
82.3019 36.1029
87.5980 32.8006
89.7302 22.0483
91.3022 11.0960
86.5458 10.2283
72.9528 13.4516
61.6374 10.4366
58.0096 11.0825
49.5088 10.4608
46.7251 11.9933
42.9825 14.0538
39.2757 13.6294
34.5126 13.0841
30.6771 12.5146
28.3890 9.6483
20.5361 9.5277
7.5435 9.3282
6.0643 19.5782
2.2831 35.5085
9.1180 35.3752
15.5821 35.2490
25.0605 35.0641
28.0068 38.0968
33.1644 36.6335
40.6814 40.0329
48.1562 35.2597
56.3410 36.3618
60.3617 46.0080
61.0293 55.9242
60.3061 61.6721
58.1227 65.5522
42.6890 64.9466
