1286.3525
19.5356 60.8017
23.4582 59.9289
24.5405 59.6879
25.5054 59.4730
30.3603 54.2363
30.6847 55.2578
32.3613 60.5358
32.7038 61.5399
36.0186 67.0007
40.8420 60.3395
42.0176 58.7162
43.5227 58.6792
43.9887 55.4593
41.2954 52.5465
37.5525 49.4277
38.1996 48.6459
37.8828 46.0216
33.9994 45.2449
31.7499 43.7235
34.3334 38.9078
32.8528 39.0163
28.6785 41.7876
26.5319 41.2831
23.7045 39.8711
17.8482 36.9465
17.5257 40.8812
17.2651 44.0592
20.8275 47.2267
22.9919 48.0385
22.8257 49.3193
22.2555 53.6815
22.0848 54.9876
18.1721 53.4667
16.9957 52.9909
13.7801 51.9907
12.5957 53.7006
13.3631 57.7753
11.1509 57.7010
10.0599 56.1562
8.6180 54.1146
4.0538 53.5670
2.6128 51.0441
10.1812 47.5576
7.5668 42.6703
9.3032 43.1125
11.9003 43.1229
12.8058 41.5194
11.3759 37.8162
8.7351 37.8634
2.9864 37.9663
2.2832 35.5085
1.0329 35.1456
3.3844 28.1964
3.3871 27.0374
2.8738 25.4595
2.4093 24.0315
3.9135 21.2510
1.0774 19.5453
2.1359 16.3702
0.9527 12.3568
2.5756 10.6006
4.5218 8.4948
2.9501 5.7502
1.6100 3.4101
4.9622 3.4194
8.5705 3.4294
9.3929 3.4302
10.6617 3.7782
12.6633 4.3271
12.1576 10.8302
14.3042 11.1652
16.1733 12.1679
17.0147 17.1611
15.6133 17.8344
11.6031 19.6696
13.5972 22.6499
15.0585 23.4449
15.9164 25.0633
19.4421 28.1558
19.3395 29.2437
20.0068 30.0510
22.6712 33.2744
23.3617 33.1304
25.3951 32.7061
27.3978 28.9398
27.2650 25.8864
26.6866 24.6421
26.3481 20.9861
26.0810 18.1015
26.8298 17.2354
24.4526 14.4587
24.1447 12.6418
23.1639 8.7753
24.9725 6.7967
23.1313 4.4511
19.8501 0.2709
21.9423 0.5919
32.2187 2.1874
36.2941 8.3985
37.3237 9.9678
35.8829 17.4561
33.4420 21.4226
31.7894 22.5131
32.8170 30.2354
36.7777 32.1007
37.0918 31.0824
37.7361 27.5888
38.5796 23.0148
40.2136 20.1698
41.2918 20.3015
42.6388 23.8521
47.3450 25.4453
45.1046 30.5011
49.1012 32.8669
46.9181 40.8577
55.5930 36.7149
57.0002 36.0429
59.2535 35.1675
56.7378 32.7687
56.1926 31.7213
60.8138 27.5430
61.7187 20.0187
58.7256 15.7309
56.6959 17.7736
54.7196 20.4436
48.4778 19.9596
49.7460 17.0090
49.4385 16.3764
44.2432 13.5886
46.8468 8.9130
43.4713 3.9660
47.5142 2.5906
48.6110 2.2175
51.3576 5.4589
52.4429 5.6517
57.2391 6.5038
56.8520 1.9321
60.6313 1.0583
61.4997 0.8575
65.0503 2.7937
68.9185 4.9032
68.3810 8.4861
68.1219 13.7137
68.9703 14.9339
75.1251 17.4156
76.4356 22.0736
77.6479 18.5463
77.9692 17.6117
78.1556 15.8518
77.7834 13.9464
77.0617 10.2517
75.4179 7.5396
75.3490 5.9715
88.7152 2.1770
95.7148 2.6541
97.8846 5.1531
98.2845 7.3333
91.7484 10.3996
89.2911 11.0116
89.1324 12.5136
88.2875 15.0054
87.3156 17.8720
90.2541 20.0702
93.0821 19.6155
97.4368 17.2577
98.0330 21.9475
98.2116 23.3524
98.0677 24.5336
96.5865 24.1125
87.5531 24.1670
83.4305 24.1919
83.5138 27.6310
85.7598 31.1015
88.5744 31.9321
95.7587 38.2996
95.4668 41.2363
95.3354 42.5586
92.4413 41.5727
91.1401 42.6722
89.4791 43.9917
90.1822 45.9286
89.7533 47.4730
86.8841 48.2537
82.8245 45.8488
82.3904 43.8343
83.9314 41.9200
81.7541 38.9233
80.2067 36.7937
79.9483 32.8238
77.6693 29.3576
74.9961 32.7467
74.3457 35.9369
73.5553 39.8599
75.4994 41.7503
77.0907 43.2977
74.6825 45.4731
74.2213 48.1441
72.4415 47.2163
70.1625 46.7115
69.9768 44.0289
61.5634 41.9123
54.5272 45.6256
54.6447 52.4229
57.9299 54.0519
62.4804 54.1359
67.5939 55.4772
69.1061 55.8739
69.6635 56.9374
70.8238 57.1199
75.2734 57.8197
76.0630 55.7410
76.6255 54.2602
79.1664 51.4771
80.3339 53.9092
82.3483 58.1057
82.0806 60.7111
81.8505 62.9513
85.0807 61.7638
88.4489 55.9171
95.8479 58.6257
88.7842 66.5974
93.1733 68.8878
96.8325 71.9072
96.8807 73.0693
94.6695 74.2331
89.1229 77.1602
94.9896 79.4875
97.9684 82.2043
92.8995 87.7546
93.5324 89.6944
95.5652 95.9248
91.0579 95.2765
88.4296 95.8218
87.6727 94.5201
84.0041 88.2114
84.3998 85.6147
84.8649 82.5631
83.1314 80.0407
82.0545 77.2504
84.2073 75.9597
85.7041 75.2574
82.1192 71.4973
78.5872 69.4895
78.0787 74.1133
77.5375 75.3920
78.4064 77.7078
79.0788 79.4998
75.9417 81.3083
74.4186 82.1863
80.1978 87.9590
78.2847 90.5884
76.8500 92.5603
75.6104 99.6356
73.5744 97.9036
68.7239 94.5301
67.1022 96.6712
65.5847 97.7024
60.2685 95.5885
57.9831 93.9603
55.0432 95.4497
53.7651 98.4778
51.8763 98.5054
49.7111 98.0191
49.8506 95.9269
50.9156 93.0592
51.6929 90.9659
53.5919 89.4113
49.0368 88.2166
46.5250 87.4729
48.0100 83.5926
48.7249 81.7245
50.3292 80.4333
51.2197 83.1617
53.4423 83.4751
55.4445 85.7729
63.5191 84.9505
66.3114 81.2066
61.9260 80.4045
60.3285 80.1123
60.5032 77.8675
60.6136 76.4486
60.8267 74.7442
61.1108 72.4713
61.6277 68.3818
65.6883 68.9646
66.3142 67.6809
67.0092 66.2557
69.2209 64.1973
64.5704 60.8006
63.5738 60.0728
60.5970 60.1108
59.2695 60.8783
56.2943 62.5988
52.7211 66.9853
51.7532 64.9839
48.7400 63.3236
45.1209 66.2162
43.7414 67.3187
44.0101 68.3890
46.4655 71.2021
42.6638 75.1235
44.2141 80.2912
43.7340 81.9348
43.2808 82.0577
42.7590 82.9793
42.9177 85.1094
40.8009 85.4735
37.7959 82.1147
35.0442 80.2707
34.0601 83.6243
33.2069 86.5317
37.5828 86.5743
39.9312 94.1111
34.7914 99.6534
34.2259 93.5294
32.3065 91.5120
30.0611 91.5917
28.2004 90.3633
26.9578 93.7156
22.8002 95.1814
18.2270 96.7908
16.9302 97.2472
15.6698 95.2054
16.5176 94.2151
17.8426 91.0231
13.4865 92.3146
11.7528 97.5085
3.6807 98.5912
0.9766 97.1109
2.7636 93.6258
2.9614 93.2398
3.1438 92.6531
4.0715 88.1163
1.5871 83.2987
8.1732 83.3327
8.3819 81.7567
4.2540 74.4595
1.0865 71.0133
2.1064 66.8977
2.6377 62.5948
5.5620 62.1434
7.4952 61.8450
8.5461 64.1888
9.5738 65.8623
14.1659 70.2256
16.1078 71.8065
20.4121 75.3105
17.5330 77.8098
17.3370 80.7446
19.5488 82.1055
23.0435 84.2558
24.1630 80.4502
25.6195 80.3086
27.1698 79.9821
29.7950 79.6405
26.5078 74.0606
24.2230 70.1823
23.2569 68.5483
18.5824 62.3706
17.7038 61.2093
