1580.7138
188.7070 11.5258
188.8684 14.0717
188.9945 16.0621
189.1174 18.0520
189.2347 20.0420
189.3440 22.0346
189.4490 24.0267
189.5455 26.0195
189.6311 28.0140
189.7067 30.0100
189.7749 32.0060
189.8286 34.0038
189.8733 36.0025
189.9122 38.0012
189.9396 40.0005
189.9564 42.0002
189.9666 44.0001
189.9744 46.0001
189.9809 48.0001
189.9865 50.0000
189.9918 53.0000
189.9959 56.0000
189.9985 59.0000
189.9994 62.0000
189.9998 64.0000
190.0000 68.0000
190.0000 71.0000
190.0000 74.0000
190.0000 78.0000
190.0000 81.0000
190.0000 85.0000
190.0000 89.0000
190.0000 92.0000
190.0000 96.0000
190.0000 99.0000
190.0000 102.0000
190.0000 105.0000
190.0000 109.0000
190.0000 113.0000
189.9999 118.0000
189.9998 122.0000
189.9997 126.0000
189.9995 128.0000
189.9993 130.0000
189.9990 132.0000
189.9985 134.0000
189.9978 136.0000
189.9968 138.0000
189.9952 140.0000
189.9931 142.0000
189.9906 144.0000
189.9873 146.0000
189.9831 147.9999
189.9771 149.9999
189.9689 151.9998
189.9576 153.9997
189.9445 155.9995
189.9281 157.9993
189.9078 159.9988
189.8821 161.9980
189.8489 163.9969
189.8079 165.9954
189.7596 167.9924
189.6965 169.9891
189.6249 171.9853
189.5466 173.9791
189.4549 175.9704
189.3471 177.9562
189.2138 179.9433
189.0710 181.9237
188.9082 183.9050
188.7362 185.8814
188.4707 188.7112
185.9148 188.9112
183.9333 189.0662
181.9495 189.1898
179.9605 189.3138
177.9724 189.4283
175.9792 189.5244
173.9864 189.6117
171.9914 189.6813
169.9941 189.7352
167.9957 189.7795
165.9973 189.8188
163.9982 189.8482
161.9989 189.8717
159.9991 189.8892
157.9994 189.9052
155.9995 189.9182
153.9997 189.9293
151.9998 189.9387
149.9998 189.9468
147.9999 189.9535
145.9999 189.9589
144.0000 189.9624
142.0000 189.9647
140.0000 189.9658
138.0001 189.9647
136.0001 189.9618
134.0001 189.9570
132.0003 189.9503
130.0004 189.9400
128.0006 189.9279
126.0009 189.9123
124.0013 189.8926
122.0020 189.8679
120.0028 189.8369
118.0042 189.8020
116.0065 189.7593
114.0092 189.7057
112.0143 189.6434
110.0200 189.5636
108.0302 189.4726
106.0432 189.3590
104.0573 189.2251
102.0803 189.0787
100.1087 188.9070
97.4707 188.6446
101.5633 171.2474
103.2570 168.9113
104.9291 166.7038
106.6564 164.5190
108.4413 162.3658
110.2610 160.2215
112.1230 158.1083
114.0277 156.0253
115.9589 153.9616
117.9062 151.9109
119.8556 149.8626
121.8063 147.8154
123.7518 145.7645
125.6347 143.6714
127.4389 141.5277
129.1844 139.3471
130.8859 137.1408
132.0295 135.6579
129.3888 131.9043
127.7333 131.6342
125.8095 131.3202
123.8686 131.0402
121.9098 130.7927
119.9494 130.5697
117.9680 130.3939
115.9823 130.2327
112.0049 129.9308
110.0092 129.8257
108.0097 129.7204
106.0083 129.6509
104.0072 129.6031
102.0073 129.5666
100.0078 129.5330
98.0088 129.4995
96.0103 129.4643
94.0126 129.4257
92.0161 129.3821
90.0229 129.3301
88.0397 129.2622
86.0890 129.1572
83.6717 128.9021
92.0319 113.9997
96.1391 115.6547
99.8171 118.0084
100.8570 116.9140
102.9353 114.9008
104.9486 112.9274
106.9704 110.9482
108.9925 108.9701
112.0002 106.0280
105.6507 103.4174
104.4426 102.9208
102.8232 103.0078
101.5332 103.0724
100.0000 100.0000
98.5415 103.0533
96.3428 103.5178
96.6400 100.8000
96.4238 99.0268
96.4740 96.3518
98.8594 96.5659
100.7134 96.8527
103.8807 97.3426
104.6824 95.9261
107.8715 89.9959
108.8455 91.0583
110.7490 93.1347
112.6320 95.2108
114.5465 97.3738
116.2004 102.0101
118.7170 98.9462
128.6442 86.8604
129.4357 85.9187
129.5826 90.0150
129.6543 92.0153
129.7427 94.0134
129.8981 97.0026
130.0988 100.9977
130.2393 103.9891
130.3385 105.9831
130.4378 107.9771
130.5420 109.9689
130.6562 111.9603
130.7764 113.9482
130.9087 115.9329
131.0549 117.9116
131.2208 119.8907
131.3978 121.8671
131.5858 123.8439
131.7796 125.8130
131.9794 127.7134
135.7857 132.0115
137.1193 130.9220
139.2708 129.1263
141.4010 127.3010
143.5084 125.4425
145.5957 123.5533
147.6559 121.6312
149.7058 119.6894
151.7308 117.7228
153.7325 115.7312
155.7032 113.7106
157.6476 111.6650
159.5799 109.6058
161.4927 107.5321
163.1885 105.3650
164.7944 103.1327
166.9936 100.9745
168.0000 99.9869
165.1258 96.7847
163.2431 94.6758
161.3552 92.5812
159.4502 90.5043
157.5234 88.4461
155.5734 86.4082
153.6022 84.3883
151.6076 82.3920
149.5991 80.4053
147.5694 78.4461
145.5220 76.5038
143.4648 74.5690
141.3937 72.6567
139.3010 70.7790
137.1990 68.8924
135.0972 67.0058
133.9765 65.9999
129.4372 71.3908
129.2917 73.9599
129.1779 75.9670
129.0967 77.9896
129.0709 80.2289
117.9907 70.1928
120.9162 69.3662
123.6009 68.6076
125.4049 68.0906
130.0417 62.4061
128.8508 60.9225
127.0712 58.7668
125.2516 56.6404
123.4039 54.5193
121.5244 52.4273
119.5927 50.3853
117.6281 48.3609
115.6319 46.3689
113.6050 44.4083
111.5411 42.4951
109.4543 40.6014
107.3319 38.7774
105.2119 36.8812
103.1157 34.9698
101.0478 32.9991
99.9996 32.0000
96.6250 34.7632
94.5128 36.5922
92.4116 38.4625
90.3296 40.3614
88.2635 42.2833
86.2155 44.2270
84.1871 46.1931
82.1828 48.1841
80.2021 50.1987
78.2469 52.2369
76.3036 54.2877
74.3985 56.3654
72.5276 58.4692
70.7052 60.6024
68.9026 62.7556
67.1330 64.9245
65.9690 66.3510
69.3812 70.5101
70.6251 72.1002
72.3330 71.7809
74.2033 71.4312
76.1365 71.1566
78.0660 70.9289
80.0511 70.7879
82.0347 70.6591
84.0212 70.5546
86.0135 70.4784
88.0082 70.4220
90.0055 70.3833
92.0014 70.3548
93.9985 70.3471
95.9945 70.3559
97.9918 70.3865
99.9897 70.4340
101.9873 70.4814
103.9873 70.5341
105.9915 70.5819
107.9954 70.6111
110.0041 70.6261
112.0960 70.6123
111.9046 70.9481
105.8277 84.0074
100.7170 81.8671
99.0468 83.2575
96.9824 85.1004
94.9420 87.0077
92.9337 88.9603
90.9423 90.9453
88.9793 92.9561
87.0241 94.9863
85.0960 97.0327
83.1990 99.1001
81.9447 100.4671
84.1715 103.8883
85.6811 106.2076
88.0113 109.7875
71.2935 116.4746
70.9230 113.8478
70.7472 111.9314
70.6055 109.9566
70.4629 107.9693
70.3311 105.9817
70.2209 103.9894
70.0778 100.9981
69.8401 96.0081
69.7393 94.0143
69.6299 92.0231
69.5057 90.0342
69.3685 88.0523
69.2051 86.0810
69.0041 84.1093
68.7893 82.1518
68.5448 80.2009
68.2719 78.2241
68.0133 76.2301
62.3014 69.9772
60.9440 71.1206
58.8123 72.9477
56.6823 74.7892
54.5724 76.6493
52.4857 78.5369
50.4235 80.4552
48.3956 82.4103
46.3984 84.3999
44.4143 86.4092
42.4555 88.4394
40.5297 90.4960
38.6283 92.5747
36.7373 94.6665
34.8518 96.7652
31.9991 99.9406
33.0137 101.1484
34.8321 103.2952
36.6662 105.4268
38.5232 107.5403
40.4070 109.6338
42.3181 111.7067
44.2547 113.7598
46.2133 115.7946
48.1897 117.8144
50.1890 119.8107
52.2008 121.7965
54.2541 123.7302
56.3489 125.6115
58.4868 127.4266
60.6565 129.1942
62.8447 130.9431
64.1768 132.0078
68.2326 127.0638
68.7683 125.5610
70.0376 121.9996
71.0153 122.9121
78.0657 129.4917
75.0716 130.4610
72.4243 131.3180
70.7064 131.8711
67.9639 135.6217
69.1359 137.0984
70.8958 139.2760
72.6814 141.4370
74.4898 143.5882
76.3115 145.7358
78.1362 147.8843
79.9584 150.0352
81.7760 152.1890
83.5912 154.3443
85.4020 156.5019
87.2286 158.6546
89.0605 160.8016
90.9156 162.9405
92.7839 165.0680
94.6550 167.1874
96.2944 169.0445
93.1347 188.1969
91.8456 188.3150
89.6725 188.5142
87.8067 188.9255
85.9257 189.2639
83.9593 189.4625
81.9804 189.6123
79.9909 189.7129
77.9944 189.7762
75.9962 189.8265
73.9981 189.8699
71.9987 189.8998
69.9993 189.9257
67.9996 189.9440
65.9998 189.9577
63.9999 189.9672
62.0000 189.9735
60.0000 189.9769
58.0000 189.9775
56.0001 189.9756
54.0001 189.9704
52.0002 189.9627
50.0003 189.9529
48.0005 189.9386
46.0008 189.9225
44.0011 189.9025
42.0017 189.8789
40.0024 189.8511
38.0034 189.8187
36.0049 189.7809
34.0070 189.7363
32.0101 189.6837
30.0139 189.6197
28.0178 189.5467
26.0236 189.4685
24.0301 189.3799
22.0369 189.2832
20.0413 189.1806
18.0444 189.0800
16.0434 188.9835
14.0378 188.8978
11.6109 188.8146
11.5660 185.7104
11.2343 183.9160
11.0953 181.8737
10.8701 179.9198
10.6896 177.9617
10.5789 175.9684
10.4702 173.9782
10.3777 171.9838
10.2924 169.9896
10.2214 167.9945
10.1715 165.9964
10.1291 163.9982
10.1016 161.9988
10.0779 159.9992
10.0564 157.9995
10.0395 155.9997
10.0265 153.9999
10.0183 152.0000
10.0147 150.0000
10.0116 148.0000
10.0092 146.0000
10.0073 144.0000
10.0050 141.0000
10.0028 137.0000
10.0009 133.0000
10.0003 130.0000
10.0001 128.0000
10.0000 126.0000
10.0000 124.0000
10.0000 122.0000
10.0001 120.0000
10.0001 118.0000
10.0001 116.0000
10.0002 113.0000
10.0003 110.0000
10.0004 108.0000
10.0006 106.0000
10.0007 104.0000
10.0010 102.0000
10.0012 100.0000
10.0016 98.0000
10.0020 96.0000
10.0025 94.0000
10.0031 92.0000
10.0038 90.0000
10.0046 88.0000
10.0056 86.0000
10.0068 84.0000
10.0081 82.0000
10.0097 80.0000
10.0114 78.0000
10.0134 76.0000
10.0158 74.0000
10.0184 72.0000
10.0212 70.0000
10.0244 68.0000
10.0281 66.0001
10.0325 64.0001
10.0372 62.0001
10.0430 60.0001
10.0498 58.0002
10.0572 56.0002
10.0653 54.0003
10.0739 52.0004
10.0834 50.0004
10.0940 48.0006
10.1061 46.0007
10.1202 44.0009
10.1359 42.0013
10.1548 40.0017
10.1768 38.0023
10.2028 36.0031
10.2333 34.0046
10.2724 32.0063
10.3185 30.0096
10.3788 28.0127
10.4458 26.0180
10.5263 24.0245
10.6191 22.0333
10.7260 20.0449
10.8488 18.0575
10.9828 16.0782
11.1391 14.1144
11.4097 11.4187
14.2831 11.5347
16.1031 11.1989
18.0935 11.0278
20.0670 10.8484
22.0383 10.6927
24.0287 10.5826
26.0201 10.4846
28.0145 10.4021
30.0102 10.3303
32.0075 10.2687
34.0048 10.2126
36.0032 10.1675
38.0020 10.1296
40.0012 10.0991
42.0008 10.0747
44.0004 10.0531
46.0002 10.0369
48.0001 10.0262
50.0000 10.0215
52.0000 10.0171
54.0000 10.0137
56.0000 10.0107
58.0000 10.0086
60.0000 10.0069
62.0000 10.0054
64.0000 10.0042
66.0000 10.0033
68.0000 10.0025
70.0000 10.0019
72.0000 10.0014
74.0000 10.0010
76.0000 10.0007
78.0000 10.0005
81.0000 10.0003
84.0000 10.0001
86.0000 10.0001
88.0000 10.0000
90.0000 10.0000
92.0000 10.0000
95.0000 10.0000
99.0000 10.0000
103.0000 10.0000
107.0000 10.0000
110.0000 10.0000
112.0000 10.0000
115.0000 10.0000
118.0000 10.0001
120.0000 10.0001
122.0000 10.0002
124.0000 10.0003
126.0000 10.0004
128.0000 10.0005
130.0000 10.0006
132.0000 10.0009
134.0000 10.0011
136.0000 10.0015
139.0000 10.0022
143.0000 10.0043
146.0000 10.0064
148.0000 10.0085
150.0000 10.0113
152.0000 10.0151
153.9999 10.0242
155.9998 10.0333
157.9997 10.0445
159.9994 10.0597
161.9988 10.0808
163.9979 10.1094
165.9965 10.1477
167.9947 10.1947
169.9914 10.2491
171.9858 10.3183
173.9771 10.4069
175.9648 10.5185
177.9491 10.6533
179.9361 10.8080
181.9214 10.9649
183.9059 11.1265
185.8928 11.2924
