381.8232
118.0004 100.0419
115.0912 103.1491
113.1613 105.2102
111.2349 107.2559
109.2713 109.2750
107.2928 111.2638
105.2726 113.2045
103.2099 115.0908
101.1005 116.9239
99.8012 118.0099
96.9708 115.0665
95.0206 113.0384
93.0888 110.9882
91.9906 109.8065
95.5705 106.9169
97.4620 106.1701
100.9082 104.7736
103.4409 103.7473
103.1809 101.8312
100.0000 100.0000
103.0583 98.5208
103.3943 96.1923
101.0640 96.3064
99.0543 96.4048
96.3105 96.5108
94.9509 98.9729
93.3563 101.8606
88.4708 106.0562
87.2054 104.7927
85.2029 102.7934
83.1979 100.7947
81.9496 99.5540
84.4451 96.3463
86.1682 94.1315
87.8979 91.9197
89.6346 89.7115
91.3774 87.5044
93.1306 85.3018
94.8949 83.1047
96.6704 80.9130
98.4443 78.7431
98.8456 71.6332
95.8341 71.2255
93.9067 71.0550
91.9454 70.9411
89.9680 70.8683
87.9785 70.8160
85.9885 70.7868
84.0058 70.8012
82.0230 70.8547
80.0342 70.9279
78.0544 71.0322
76.0698 71.1523
74.0922 71.2721
71.3556 71.4705
71.1913 74.0751
71.0657 76.0672
70.9444 78.0576
70.8275 80.0486
70.7161 82.0401
70.6100 84.0325
70.5132 86.0249
70.4211 88.0195
70.3379 90.0141
70.2751 92.0087
70.2223 94.0059
70.1834 96.0036
70.1542 98.0023
70.1404 100.0010
70.1408 102.0000
70.1535 103.9990
70.1787 105.9977
70.2178 107.9957
70.2699 109.9930
70.3354 111.9890
70.4076 113.9852
70.4971 115.9777
70.5953 117.9707
70.7048 119.9612
70.8267 121.9493
70.9484 123.9332
71.1123 125.9076
71.3279 128.5045
74.0982 128.7164
76.0842 128.8636
78.0693 129.0014
80.0580 129.1347
82.0462 129.2587
84.0337 129.3641
86.0261 129.4604
88.0193 129.5447
90.0139 129.6172
92.0093 129.6738
94.0068 129.7225
96.0047 129.7614
98.0027 129.7871
100.0016 129.8028
102.0006 129.8095
103.9998 129.8079
105.9991 129.7994
107.9979 129.7805
109.9971 129.7565
111.9947 129.7190
113.9915 129.6678
115.9887 129.6098
117.9843 129.5415
119.9715 129.4403
121.9598 129.3225
123.9337 129.1656
125.9079 128.9863
128.4332 128.7570
128.6952 125.8811
128.8693 123.9006
129.0378 121.9182
129.1850 119.9394
129.3222 117.9532
129.4337 115.9682
129.5261 113.9780
129.6012 111.9850
129.6678 109.9889
129.7223 107.9924
129.7614 105.9953
129.7929 103.9967
129.8147 101.9980
129.8269 99.9989
129.8249 98.0002
129.8158 96.0008
129.7978 94.0018
129.7676 92.0035
129.7314 90.0049
129.6859 88.0072
129.6358 86.0091
129.5795 84.0118
129.5044 82.0187
129.4197 80.0246
129.3145 78.0363
129.1634 76.0641
128.9861 74.0911
128.7594 71.5687
125.9127 71.3899
123.9262 71.2750
121.9391 71.1717
119.9547 71.0891
117.9692 71.0298
115.9936 71.0173
114.0057 71.0284
112.0325 71.0873
110.0623 71.1904
108.0832 71.3156
106.0885 71.4384
103.1761 71.6177
103.7192 80.9781
105.1906 83.2179
106.7005 85.5163
108.2787 87.8022
109.8947 90.0789
111.5798 92.3277
113.3166 94.5546
115.1171 96.7732
116.9856 98.9069
