140.7659
89.0544 93.0956
87.0424 95.0650
85.0341 97.0476
83.0368 99.0396
81.9986 100.0751
84.8561 103.2228
86.7658 105.2938
88.6767 107.3660
90.6262 109.3998
92.6065 111.3993
94.5822 113.3942
96.6578 115.2736
99.6945 118.0235
101.1248 116.8928
103.2929 115.1302
105.3274 113.2660
107.3562 111.3265
109.3298 109.3356
111.2655 107.3012
113.1858 105.2411
115.0784 103.1613
116.9671 101.0680
118.0015 99.9216
115.0853 96.8758
113.1256 94.8428
111.1538 92.8282
109.1650 90.8320
107.1635 88.8409
105.1706 86.8583
103.1235 84.9311
101.0608 83.0066
99.9818 81.9999
97.2265 85.0927
95.2044 87.1715
93.9449 88.4663
97.9167 93.2225
100.1388 94.4253
103.3251 96.0930
103.4928 99.0845
103.6046 101.0782
103.7375 103.4489
101.8318 103.1812
100.0000 100.0000
98.1691 103.1808
96.2470 103.4363
95.1549 100.9403
93.8135 97.4569
93.0780 95.5531
90.2036 91.9896
