814.1620
34.9129 103.1662
33.0003 101.0721
32.0000 99.9938
35.1545 96.7567
36.6027 94.5473
38.4988 92.4592
40.4094 90.3840
42.3399 88.3259
44.2937 86.2881
46.2716 84.2720
48.2705 82.2754
50.2860 80.2953
52.3159 78.3298
54.3565 76.3749
56.4023 74.4295
58.4614 72.5005
60.5336 70.5900
62.6217 68.7015
65.6964 65.9768
68.0172 70.2621
68.5333 72.3607
69.9204 78.0016
71.3524 75.2123
73.2113 71.5915
78.0749 69.4577
77.1766 68.6656
69.9749 62.3158
71.1315 60.9788
72.9682 58.8557
74.8393 56.7384
76.7018 54.6214
78.5701 52.5115
80.4466 50.4200
82.3729 48.3715
84.3647 46.3721
86.3751 44.4012
88.4351 42.4753
90.5154 40.5709
92.6027 38.6867
94.7217 36.8268
96.8423 34.9758
98.9778 33.1324
100.3189 31.9744
103.4019 34.6812
105.5180 36.5390
107.6208 38.4191
109.7119 40.3110
111.7821 42.2287
113.8266 44.1769
115.8436 46.1538
117.8250 48.1690
119.7862 50.1993
121.7117 52.2644
123.6161 54.3407
125.4848 56.4463
127.3270 58.5730
129.1424 60.7052
130.9276 62.8764
132.0101 64.2009
127.4904 68.0660
124.9332 68.5169
121.8724 68.8592
119.9076 69.0504
117.9305 69.2286
115.9534 69.3766
113.9683 69.5030
111.9788 69.6114
109.9861 69.7055
107.9912 69.7890
104.9981 69.8988
101.0007 70.0397
98.0048 70.1453
96.0057 70.2021
94.0049 70.2424
92.0035 70.2687
90.0028 70.2879
88.0015 70.2978
85.9762 70.3078
83.8921 70.6479
98.8807 81.5403
100.0365 82.3802
97.2289 85.2165
95.1559 87.2050
93.2104 89.1877
90.0000 91.9932
95.1566 94.7019
97.1443 95.7460
96.9394 97.2622
96.6733 99.2266
96.4059 101.1914
96.1136 103.3387
98.1743 103.1784
100.0000 100.0000
101.8301 103.1804
103.7681 103.4244
103.7762 100.9959
103.6170 99.1172
103.3565 97.2264
103.0346 95.3704
102.7356 94.0061
104.4262 85.9541
107.4869 88.5947
109.6531 90.4635
111.8967 92.1430
114.1562 93.7754
116.4186 95.3491
118.7346 96.8386
120.9508 98.2404
128.5448 98.6280
128.9575 95.8454
129.2284 93.8930
129.4398 91.9394
129.6113 89.9662
129.8433 86.9939
130.1395 83.0052
130.3899 80.0329
130.5717 78.0525
130.8429 76.1182
131.1604 74.1912
131.5462 72.3185
131.8878 70.6606
135.6131 67.9622
137.0595 69.1476
139.2273 70.9242
141.3752 72.7201
143.4997 74.5636
145.6014 76.4291
147.6694 78.3499
149.7199 80.2868
151.7389 82.2593
153.7275 84.2620
155.6847 86.2982
157.6220 88.3462
159.5271 90.4263
161.4100 92.5151
163.2582 94.6321
165.0864 96.7778
166.9152 98.9260
168.0110 100.2098
165.1735 103.2213
163.2178 105.2970
161.3271 107.4009
159.4449 109.5149
157.5947 111.6323
155.6985 113.7223
153.7868 115.7976
151.8409 117.8471
149.8825 119.8861
147.9149 121.9171
145.9420 123.9429
143.9580 125.9586
141.9703 127.9706
139.9799 129.9800
137.9841 131.9841
135.9854 133.9854
133.9851 135.9851
131.9814 137.9813
129.9748 139.9745
127.9643 141.9638
125.9488 143.9478
123.9302 145.9284
121.9054 147.9022
119.8733 149.8674
117.8295 151.8205
115.7806 153.7658
113.7199 155.6970
111.6481 157.6117
109.5573 159.5065
107.4611 161.3867
105.3492 163.2424
103.2146 165.0763
101.0781 166.8928
99.7258 168.0189
96.6761 165.2542
94.5845 163.3582
92.4977 161.4577
90.4205 159.5510
88.3640 157.6252
86.3391 155.6585
84.3344 153.6678
82.3455 151.6658
80.3837 149.6374
78.4442 147.5851
76.5203 145.5254
74.6180 143.4403
72.7264 141.3516
70.8499 139.2493
67.9999 136.0226
72.2836 131.9798
74.2078 131.7514
76.1778 131.5212
78.1499 131.2924
80.1104 131.0947
82.0805 130.9227
84.0583 130.7738
86.0419 130.6448
88.0303 130.5317
90.0225 130.4263
92.0138 130.3210
94.0098 130.2387
96.0061 130.1638
99.0010 130.0592
102.9987 129.9228
105.9929 129.8110
107.9893 129.7315
109.9821 129.6338
111.9769 129.5347
113.9708 129.4321
115.9640 129.3256
117.9574 129.2172
119.9506 129.1069
121.9439 128.9956
123.9598 128.9205
125.9690 128.8655
128.4008 128.7990
128.5842 125.9101
128.7685 123.8878
128.8810 121.9355
128.9627 119.9572
129.0001 117.9811
129.0158 115.9922
128.9897 114.0133
128.9257 112.0347
128.8425 110.0485
128.7603 108.0852
128.6064 106.1085
128.3776 103.1695
119.0916 103.6759
116.9572 105.2764
114.7134 106.9592
112.4628 108.6330
110.2046 110.2842
107.9384 111.9153
105.6745 113.5607
103.3983 115.2472
101.1897 117.0127
99.9866 118.0000
96.9350 114.7839
94.8067 113.1475
92.7662 111.2165
90.7629 109.2574
88.7958 107.2366
86.8788 105.1806
84.9636 103.1266
83.0679 101.0352
81.9941 99.8466
84.0334 94.3638
71.0704 83.6895
70.8951 86.0660
70.7194 88.0633
70.5621 90.0446
70.4321 92.0283
70.3153 94.0185
70.2285 96.0100
70.1617 98.0054
70.1017 100.0031
69.9520 104.9993
69.8536 107.9952
69.7771 109.9915
69.6951 111.9875
69.5970 113.9802
69.4854 115.9711
69.3582 117.9589
69.2057 119.9388
69.0248 121.9105
68.8084 123.8683
68.5638 125.8199
68.3036 127.7741
68.0833 129.4288
64.3736 132.0352
62.9095 130.8635
60.7305 129.1198
58.5778 127.3333
56.4567 125.4950
54.3674 123.6057
52.3091 121.6876
50.3024 119.7021
48.3202 117.6898
46.3579 115.6645
44.4261 113.6039
42.5057 111.5379
40.6029 109.4554
38.7093 107.3589
36.8138 105.2619
