464.3242
52.0973 9.6405
54.1756 10.1486
60.7849 10.0164
64.4396 8.0286
68.3255 10.2530
72.4868 10.1640
76.2675 9.4211
86.5625 6.0013
86.5630 6.0942
84.9363 16.5038
84.5704 23.7484
86.4733 28.2382
91.4532 38.4164
89.5217 48.6007
88.9137 51.4788
71.2368 37.3054
70.6193 32.7614
62.5593 28.4452
56.4947 28.3076
50.2192 29.0457
48.2026 33.6062
46.9267 37.7594
47.0366 40.6110
53.0251 51.2222
57.1310 54.1516
56.5783 59.8119
59.8683 64.6298
62.6473 73.6211
69.9529 77.8641
86.0337 87.2033
79.3904 89.4586
75.2660 91.8965
65.8784 92.4365
56.1118 92.9984
51.8280 89.9725
41.8613 89.0146
36.0484 88.4560
30.2550 88.9935
27.0718 88.5582
17.6074 88.9691
5.2000 93.2378
6.2243 85.7128
6.8293 81.2681
7.6201 74.4235
9.0090 71.6260
13.3953 71.6025
16.9632 71.5884
21.4826 71.5705
28.5252 72.4536
31.1920 70.6061
32.9829 68.7897
33.2928 59.0734
27.0502 57.7865
19.5642 56.2432
15.7685 52.8249
8.8643 46.6071
8.7405 36.2837
8.5126 17.2782
23.5500 20.8300
23.2847 10.6257
34.1932 6.5172
42.5577 7.2610
49.5203 7.7859
