446.7416
86.9406 82.5927
96.9660 86.7697
94.2099 93.8882
88.5358 93.3371
86.9039 88.6754
82.9960 86.6430
78.8737 85.1461
74.2078 83.4517
63.4663 72.5386
37.4464 86.0092
29.6083 90.0669
20.4890 84.9548
18.4470 83.8100
14.6649 84.7923
10.4035 85.8990
3.1787 87.7777
5.0028 85.1248
29.9323 48.8675
27.7233 44.9366
25.2682 39.5712
23.0020 34.6183
21.2160 30.7149
16.3433 20.0644
14.4715 15.9731
9.3665 16.9333
1.9700 18.3244
2.5367 6.2065
2.6270 4.2746
9.5921 5.1774
10.7481 5.6408
14.6303 3.1064
17.2460 5.6048
23.8724 11.9337
28.3151 24.6460
35.0641 27.4925
34.7583 33.6065
39.8809 33.6546
43.7403 32.0923
46.5991 30.9350
47.4167 21.7505
48.2549 20.8143
73.1605 13.9282
89.7900 24.7909
70.0000 40.0000
94.1386 52.5269
80.9262 64.0156
79.6873 67.7405
81.9188 71.0565
85.0014 75.6374
