709.0243
91.3698 97.5429
90.2583 96.1151
88.5558 95.4808
86.3379 96.2157
83.8470 96.9002
82.0023 97.4072
82.0727 93.4457
84.1548 91.9953
85.5008 91.1093
88.1023 90.1975
87.8908 89.0243
86.4493 87.7145
84.4894 85.9338
82.7815 87.3622
81.2002 87.0194
80.3319 85.6969
79.1617 85.7550
76.7237 87.3810
75.2862 87.0366
73.6173 86.6368
71.8816 85.1894
72.3214 82.0893
72.1554 79.2191
72.0299 77.0492
74.0060 73.2630
75.4415 74.4524
76.0365 76.6389
76.8124 79.4759
77.2408 81.0427
79.0024 80.8414
79.6822 78.1831
80.4301 75.2587
80.7850 73.9615
80.6574 72.4281
79.0769 70.8817
77.1074 68.9547
75.4651 67.2339
75.8777 63.8729
72.9702 62.0350
63.6382 69.2298
59.9854 68.2527
45.4557 64.3661
45.0752 69.1221
43.3501 73.9101
38.2907 87.9525
27.7863 87.0516
28.2339 95.3172
19.0424 96.0661
18.5023 88.7496
12.3894 88.7189
9.5220 88.7296
7.2700 88.7379
5.3778 88.9304
2.6778 89.4830
2.6241 88.5300
2.5382 87.0061
1.8888 83.2296
2.5093 83.2657
5.2595 83.4257
10.2141 83.8695
11.1042 83.8473
13.9186 83.3525
16.7971 82.8602
18.7802 81.2561
21.9785 67.5881
23.2934 61.1807
23.8959 58.2444
21.8469 49.3328
24.0030 47.9701
27.8858 45.3852
30.4767 47.3916
31.2916 46.9023
32.3385 45.3928
33.3363 44.2778
35.4169 45.2701
37.8402 44.0698
45.6879 49.1465
49.3289 53.1052
52.1533 48.4691
47.6015 42.2171
45.5908 38.8429
44.2440 38.3065
43.1035 38.2419
41.4631 39.1592
37.6110 37.9618
36.1843 37.5256
33.8101 38.9175
32.0059 35.6348
30.0596 32.5410
29.1586 32.4464
28.5919 33.5254
28.3303 35.1010
23.6840 38.6365
22.4824 37.2309
22.5181 34.0230
22.5332 31.3816
23.2263 29.0980
24.6084 26.8027
23.6930 25.4283
21.8850 24.5373
21.6527 22.8818
20.4147 21.4721
18.1067 18.8442
14.8251 17.7423
12.8975 18.0841
8.7867 18.1879
6.7708 18.2388
4.9603 18.4633
2.5290 18.7647
2.9667 16.0105
3.8364 11.8382
6.1325 10.7982
7.6386 10.1160
8.4017 9.7703
8.4079 8.1628
5.7173 6.5332
3.6208 5.2193
2.1909 4.3232
2.9716 2.7362
3.4260 1.8127
5.7605 2.4670
9.3118 3.4622
10.9721 3.5859
11.5736 2.8734
13.3773 2.7230
17.6766 2.5166
16.8941 8.1343
14.4875 9.9195
13.1141 11.3088
15.5168 11.7493
17.3220 12.0802
18.3729 13.2488
19.5717 13.1198
21.8328 12.8764
27.6996 10.0049
28.7801 16.5846
28.1194 19.9112
27.6723 22.1623
28.2690 22.3348
29.3574 22.6494
30.9027 23.0961
31.6691 24.3319
32.4157 24.8015
32.6289 26.1615
34.0683 26.6542
35.2226 26.8119
36.4152 26.0691
38.3064 25.4010
40.1811 27.9915
42.1822 31.1062
44.9508 32.1978
47.6825 32.3826
47.5411 30.4166
47.3500 27.7605
47.7548 26.1751
47.4812 23.2854
45.7829 21.4041
43.0892 19.1568
44.4607 10.7113
52.5545 10.3952
57.0216 9.8160
73.5813 7.6688
84.6079 5.9507
92.9067 10.7103
95.9200 22.6017
92.9161 24.1320
66.9534 37.3586
70.0000 40.0000
77.6063 40.5531
84.9889 44.8747
90.3573 48.0187
97.2741 52.0696
86.4839 58.2277
91.3779 70.3179
88.6118 71.4521
86.9438 72.1027
86.6392 73.0276
87.4100 75.3648
87.3850 76.2532
86.3004 77.8266
85.5779 79.2381
84.5867 80.6607
86.6671 81.9703
87.2441 82.3564
89.0305 82.0336
90.7168 83.5844
92.3090 84.5685
93.4739 81.8378
98.0377 82.6420
98.0566 85.4890
98.0720 87.8086
95.8273 88.9012
93.9927 89.6771
95.3567 92.5121
96.4163 94.8396
97.4862 97.1896
94.0452 97.8657
91.9275 98.2818
