399.3316
45.8031 5.3391
41.5462 7.9358
33.2032 13.2026
22.2698 11.1427
23.8025 19.4731
16.8725 21.9421
18.6913 24.9219
23.1503 45.3961
25.1171 54.4269
22.5922 53.6076
1.9462 46.9084
11.3057 60.2863
17.9683 66.9333
22.1802 71.1353
20.9977 83.6809
25.2807 92.7824
36.4933 96.0380
36.9530 86.1260
37.2623 84.6118
43.8750 52.2382
57.0001 56.0842
58.8341 60.2884
61.2008 65.7136
64.0551 73.2983
68.6806 85.5897
74.7428 78.1895
75.7281 77.7208
78.3410 72.6187
93.8139 61.9701
91.5740 58.2291
81.2311 40.9547
89.1421 16.8936
89.1394 13.2504
89.1357 8.1886
85.8698 7.7436
53.4142 3.3208
50.0000 10.0000
