1011.2480
39.3428 68.2030
39.4340 66.6245
35.2894 68.6385
32.2740 70.1038
30.0508 71.1806
21.4034 77.1935
24.1732 82.4374
26.2985 81.0544
28.7866 79.3597
29.8188 78.6566
31.3030 78.7621
34.2269 82.2347
32.5147 86.3862
31.7517 88.2014
30.5390 91.0866
26.1876 91.1223
25.4754 96.5908
15.4037 95.4200
5.4752 95.6313
13.0972 84.1746
13.8178 83.0915
15.8097 80.1204
12.3759 79.5817
8.3531 78.9971
1.4907 77.9996
2.2801 68.0096
3.3764 63.0517
8.9201 65.8189
12.4659 65.9890
17.2120 66.2205
20.2341 66.3680
22.2909 64.3739
23.9097 62.8043
24.6298 58.7102
26.6070 58.3515
30.1997 57.6999
29.8249 55.0776
29.4693 52.5897
28.9264 48.6327
27.6964 46.8199
26.3210 44.7928
20.7283 49.1110
16.9360 51.3056
11.9613 54.1844
10.5916 52.3995
9.8686 51.6886
8.2471 46.7784
5.8885 39.6355
14.1775 44.5110
17.2593 43.3608
16.8140 41.7581
16.5441 40.7867
18.3148 35.8500
19.2808 33.1566
21.9808 31.5997
19.5569 27.9393
16.8094 26.7023
16.4668 25.6967
19.4150 22.9872
18.9745 22.3708
13.8975 15.9507
12.3872 15.3590
6.4188 18.3807
1.5595 20.8409
1.9759 13.8961
0.0000 0.0000
2.6098 1.0752
10.0524 4.1415
11.6032 4.7805
13.3017 9.2778
15.4396 8.3644
16.5860 6.4068
24.3874 6.7595
28.3428 7.5709
32.5742 9.2285
40.5279 7.5494
45.0675 6.5911
44.6445 9.0345
43.9296 13.1641
46.7483 20.4619
42.0835 26.6123
39.2205 26.6083
34.1180 26.6011
28.2806 28.6053
27.5255 30.6126
26.2615 33.1100
26.5315 33.5611
30.0720 36.3521
32.0453 38.9498
35.0381 38.6786
37.4069 38.4640
39.3428 37.4279
42.0949 35.9541
42.7917 41.3213
38.6168 44.9106
35.8170 46.7959
36.2976 50.8518
36.8848 55.6673
38.3718 57.5886
40.2882 56.5760
40.4502 55.5135
40.4057 53.7727
41.8479 52.7798
43.0879 52.1412
42.8882 49.5022
43.5986 48.7559
47.3648 48.1958
49.8204 48.2940
51.6867 47.6379
53.1004 48.6618
54.4117 49.1010
55.6123 49.8355
56.9494 53.0348
57.8791 55.2593
60.7317 55.4599
61.8195 48.2808
63.9785 47.4715
64.0943 39.8556
59.7658 36.6304
58.0112 39.6133
56.5445 41.5591
55.5193 38.1754
54.1084 38.5481
50.8467 38.2901
50.7611 34.1482
52.0046 31.7756
52.3053 28.9535
56.8769 28.3447
56.8930 25.5227
56.9166 20.9859
56.9343 17.5804
56.8605 15.1466
56.8288 14.1006
55.8245 11.1491
61.5279 10.4648
63.5859 10.2179
64.5465 11.0414
66.7076 12.8940
66.4574 16.5938
66.1549 21.0672
65.8393 28.3681
66.6149 28.0467
75.4818 23.4859
76.7814 22.8175
80.8492 23.3427
76.9259 18.5005
76.0104 17.3705
76.0709 11.8432
72.7383 5.4714
71.1411 2.1562
76.4307 2.5232
79.7345 3.9550
81.2466 4.6103
83.3412 11.1353
87.3008 11.9105
94.2026 9.7121
95.8807 9.1776
99.0636 9.1719
97.0144 16.7734
93.9311 28.2106
92.3207 34.0189
91.6972 35.6120
91.0422 37.2857
92.8796 39.3583
94.5866 41.3874
93.6220 42.3149
87.1921 44.0893
85.2878 45.7475
84.2661 46.2462
83.4901 46.0501
83.0412 45.1925
83.3078 43.9577
81.2622 40.3696
77.0575 39.9520
76.8814 39.1279
76.3251 36.5255
74.3486 36.3632
72.8193 36.2377
69.7917 42.6329
71.7115 45.7087
73.7690 46.3316
76.1047 47.6452
78.7282 49.1207
74.5893 50.9219
71.8917 52.0959
72.9836 55.6317
67.7322 58.4837
66.0566 57.1303
63.8701 58.9757
62.2637 60.3316
65.6283 63.1619
66.1126 64.7524
63.8831 65.7710
63.3073 68.0035
61.4788 66.8426
56.3996 64.8036
54.1944 63.2341
51.8437 59.6724
51.2865 57.9553
51.8038 53.8545
50.8565 52.0866
50.5277 52.0243
48.9142 53.4517
47.7714 54.4983
46.4682 55.6922
46.0186 56.1040
44.8399 59.0035
42.1236 60.8732
43.6254 62.6935
44.9708 64.3882
50.5002 71.3532
51.5956 72.7409
53.0359 74.7500
54.4124 76.6737
56.9530 81.4985
60.2409 81.5402
63.5478 81.5822
62.3748 76.8755
63.2931 75.0724
65.7237 76.6375
67.9378 75.4203
69.8576 76.8199
71.9991 78.3814
74.7899 76.4219
75.1575 73.1801
79.5036 70.9903
76.6707 67.7680
75.4167 66.3416
79.7423 62.2785
85.9183 56.4772
93.5326 54.9179
94.1587 57.6030
95.0452 61.4052
97.4152 67.7700
93.6386 70.3265
91.8613 71.9309
94.3055 75.1972
91.7891 81.0544
91.6059 84.0735
91.2805 89.4376
89.9242 91.1257
86.1952 98.5691
84.4873 95.4404
83.3681 93.3904
76.1396 90.3328
74.2236 92.6520
71.0714 96.4796
68.3854 95.2660
66.2761 94.3249
64.7489 93.9025
56.6990 91.6758
48.8334 97.7465
41.8362 95.9766
45.5676 88.6969
47.4303 85.9724
43.1434 80.8603
39.7747 76.8431
38.2577 75.0255
39.2155 70.4057
