379.2154
47.1168 5.5569
20.7530 14.5610
23.5500 20.8300
26.1635 24.1224
37.0332 38.1534
42.1491 44.7570
48.5303 53.4418
46.9640 59.7215
36.9054 65.3252
32.1252 67.9883
29.1184 68.7589
25.9829 69.6408
24.7350 68.9267
21.7303 67.2074
17.6032 62.0227
11.2981 54.0973
9.9658 54.2218
6.5193 75.7230
5.9744 79.1219
4.6276 82.0213
7.4224 85.5766
8.6145 94.7417
27.5116 86.8171
40.0421 89.4630
41.8796 90.5425
49.9638 87.6485
59.6291 84.1836
70.8315 80.1676
90.3717 56.8789
92.5099 54.3195
96.3503 49.7228
91.9750 41.9957
85.7826 10.3994
64.7334 1.6175
66.0165 16.3293
62.3834 16.9416
54.2954 14.2409
50.4995 11.8903
