636.0409
26.4721 92.6836
23.0267 93.1145
20.3302 93.6380
13.6444 94.9155
6.1048 96.3483
0.5095 97.1785
1.6511 93.3832
2.2272 91.4681
3.7848 87.9166
3.0412 84.1698
3.9789 80.4208
6.2374 79.1356
15.0805 81.7765
17.0282 73.5586
21.7017 72.3231
25.8916 72.7633
29.1845 61.0886
24.1831 54.2036
20.5291 56.7116
17.4754 61.5090
8.7484 58.9571
4.0852 60.1481
5.0501 53.7639
5.6713 49.6531
5.9097 47.9661
12.5358 38.1086
26.0942 40.7792
28.2088 42.2685
30.7963 39.7534
35.1984 32.9119
37.7443 28.9555
32.1910 25.9955
30.8140 25.9222
29.1315 27.1361
24.0558 30.7981
21.2327 30.5423
11.8597 29.6928
10.8334 28.5048
9.9289 28.0918
5.2203 25.9417
7.3955 20.1511
3.9245 13.6035
5.5066 4.2973
12.7594 7.3819
14.8010 9.2196
20.4410 14.0794
22.2507 13.6707
28.7791 9.0044
33.5392 5.6022
34.8346 7.7479
34.2854 13.7729
34.1694 15.0458
38.2261 16.3961
41.0742 15.9252
45.7021 15.1600
47.1087 11.5082
46.7497 5.0627
55.1173 1.7003
59.6827 11.0165
60.7346 13.1630
63.9683 10.9951
73.2602 4.7657
75.1237 17.0454
76.4565 25.8131
72.2969 28.4245
73.4888 34.9982
70.9967 36.1716
66.0871 35.1858
60.5521 34.0919
56.7774 34.9377
53.1349 35.7440
47.7534 36.9352
44.7822 44.6346
44.6268 46.6861
45.3021 48.4360
46.0138 50.2804
49.9299 49.2509
53.7693 49.6258
56.1683 49.8539
58.1166 51.9690
60.9227 51.5494
69.3816 50.2846
77.6481 49.6010
95.0000 50.0000
80.1336 55.9075
75.1500 61.2772
74.8640 61.9048
75.9074 69.3758
68.6875 68.4802
67.4919 74.2175
69.3024 80.6893
73.1621 94.4866
69.0627 95.0443
66.3792 97.6339
64.4817 95.6932
62.2607 86.7773
58.7880 84.0861
50.4477 89.6365
49.9793 84.6874
49.6573 81.2859
50.3329 78.5781
53.5721 69.4610
44.3966 66.7432
41.7138 65.6516
38.2769 67.8750
36.4822 71.5717
34.5902 80.1426
36.8239 84.8986
39.7028 91.0286
