627.2104
67.2767 67.6193
64.7904 55.5945
53.3519 56.6427
42.1437 56.8066
42.7026 66.0473
38.9889 72.2952
38.5679 78.2865
39.6208 82.9280
41.1145 81.8104
49.3150 77.2357
53.6663 76.1251
60.2618 82.6095
63.3589 85.6543
65.6535 89.7420
66.5238 91.2402
68.2814 96.8164
55.7226 92.5271
50.8901 93.0306
40.8588 92.9468
36.9919 94.3201
28.8526 92.9338
20.4448 92.4570
14.7994 92.0335
12.9710 83.1759
10.3905 79.8206
8.6518 77.5598
14.8546 70.3167
18.0884 66.5406
23.0265 64.4206
26.4391 58.2335
23.0211 57.2363
19.8589 54.0150
15.0155 53.3978
6.5908 50.6118
7.2107 46.0687
4.5733 43.0748
4.5036 41.4046
4.4128 39.2297
3.8748 34.7259
4.4397 32.6351
6.1245 26.3993
8.2340 18.5932
2.9770 6.3847
6.5401 6.5557
15.5088 8.8190
21.0025 8.1320
25.0125 7.6305
25.6182 9.0093
28.3273 15.1760
34.0398 14.1036
35.4660 10.2955
40.3072 2.6276
47.7868 9.2084
47.6589 12.0392
47.4875 20.2511
43.1714 25.1081
38.8688 26.4981
30.2328 29.2333
19.5535 32.6157
23.6912 35.0670
29.4113 38.4557
35.7968 43.0733
39.4697 44.4193
41.0936 41.3409
45.5141 37.1088
49.0691 39.3386
52.0397 33.4241
57.7467 31.8555
64.1700 35.2127
66.9776 40.2046
74.8084 33.7677
74.3503 31.8756
73.3548 27.7638
65.6851 18.7429
63.0768 15.6672
69.2067 4.6297
75.2225 5.8917
82.8223 7.4860
85.8914 7.9829
90.1273 9.7334
95.5709 11.9830
97.0026 13.8396
92.2650 22.3910
94.8187 24.7190
94.7175 31.8309
91.4052 38.4295
88.1140 44.9863
87.8510 52.0377
90.4607 57.0494
93.9454 63.7415
93.0668 65.0118
85.4347 71.3191
93.3357 80.5339
90.8222 82.2991
84.7319 82.7271
74.6974 83.4324
72.5565 75.8154
71.9515 73.6628
72.8928 70.7379
