683.5425
90.7412 29.6823
90.9988 35.0432
91.2451 40.1692
85.7663 44.6092
80.4202 41.6434
75.5172 38.9233
74.3792 43.3427
74.9618 49.7312
78.2929 53.6754
80.9478 56.8188
91.9520 56.2834
93.0004 61.6197
94.0825 67.1273
91.4001 71.1880
86.6514 73.6373
87.5760 78.8215
89.0188 86.9110
83.9017 94.7591
76.9282 94.2769
73.6621 94.4674
71.7578 93.4437
69.0597 92.9285
70.5984 88.4125
69.2935 80.9971
70.3149 78.3061
71.0446 76.0777
71.6482 69.7576
71.1757 69.1348
67.2940 66.2217
65.9336 63.9449
63.7516 60.2932
60.0238 57.3420
56.6361 53.0903
57.0885 51.9701
60.0429 48.0473
60.0313 44.9256
60.0187 41.5387
56.8081 39.1154
52.3183 36.4207
48.2424 40.8799
47.4416 44.6877
46.3469 49.6004
45.2610 50.2440
43.4950 51.2907
38.7961 54.0760
35.7215 58.1175
35.5461 60.9392
35.2747 65.3053
38.8185 65.6547
45.4038 64.0142
50.2366 62.8103
54.2076 70.4541
58.2357 75.5785
56.1243 79.9876
52.9525 86.6109
47.7540 93.7136
43.2324 92.6468
41.0658 87.9219
37.6509 80.4748
33.8639 80.9866
32.0087 82.1024
27.0234 85.5670
28.3255 88.7404
27.5397 91.5371
25.1225 94.0812
15.3987 93.2648
5.6041 93.6900
4.2015 81.9693
11.8411 78.6223
19.5718 72.4382
23.2763 69.5576
22.3272 67.6576
17.0887 67.2301
12.3694 66.8450
4.2380 66.1830
6.1312 63.5864
12.2485 55.1960
20.3271 53.4804
24.4012 53.8091
26.2905 51.2562
29.8217 46.4848
33.4678 43.9817
34.7279 38.3677
38.3130 33.1047
38.2445 30.0934
33.4508 29.4737
26.5055 28.5758
20.5953 25.7417
19.1794 27.2112
17.1697 34.0355
15.0544 41.2182
10.9843 42.1762
9.5510 36.8980
5.4389 21.0306
3.5004 13.5351
0.0000 0.0000
9.2044 6.3667
14.9917 10.3697
25.0462 9.2533
32.9333 9.1951
40.3977 9.1439
45.4253 9.1095
51.0303 13.8423
54.6723 16.9175
52.9976 20.6296
53.0177 23.4125
54.2449 24.2971
61.3316 25.8409
62.9800 25.8036
66.5077 25.7238
69.4274 22.9897
72.6531 20.0120
72.7515 18.9062
72.5522 16.5632
71.7593 14.2831
69.1540 12.4946
66.4961 9.9658
71.5135 6.0104
76.1434 4.8653
79.8344 6.7494
83.3116 9.0195
95.6314 11.2181
93.5568 14.8043
88.0956 24.2450
